3.228115253458273060e+02 -1.650300027070192854e+01 3.228102167122549417e+02 -1.650271035988494006e+01 3.518536956562790000e+16 3.518536956562790000e+16
3.230145715936896522e+02 -1.618137065710273959e+01 3.230132079312170958e+02 -1.617956069295567900e+01 3.518537537054568800e+16 3.518537537054570800e+16
3.224188185551772108e+02 -1.525156933090121569e+01 3.224183636102036985e+02 -1.525249447964486649e+01 3.518539866151469600e+16 3.518539866151469600e+16
3.228919801836934766e+02 -1.572781926381702000e+01 3.228936519280995867e+02 -1.572698174229206636e+01 3.518538700135004000e+16 3.518538700135006000e+16
3.239379548933886781e+02 -1.571063370620293043e+01 3.239368684393324429e+02 -1.571064068393095603e+01 3.518538701812632000e+16 3.518538701812632000e+16
3.237686405424807958e+02 -1.608297418084328356e+01 3.237673159508161689e+02 -1.608323592321010764e+01 3.518538119643166400e+16 3.518538119643166400e+16
3.231361001392426715e+02 -1.648225222115169686e+01 3.231341501045823748e+02 -1.648239137543363242e+01 3.518536956982252400e+16 3.518536956982252400e+16
3.232178252008750974e+02 -1.663869212781978035e+01 3.232162281730594486e+02 -1.663921672104623539e+01 3.518536377748779200e+16 3.518536377329412800e+16
3.232898101309012304e+02 -1.501652070666691507e+01 3.232886371664196759e+02 -1.501875183913172584e+01 3.518540451676324800e+16 3.518540451676325200e+16
3.255688114009989818e+02 -1.505744430486699592e+01 3.255711708968705125e+02 -1.505626217259458599e+01 3.518540455031677200e+16 3.518540455031679200e+16
3.147433282564819024e+02 -1.131037780380462543e+01 3.147429378880915465e+02 -1.131225563191069305e+01 3.518549272297643600e+16 3.518549272297644000e+16
3.142660727602445832e+02 -1.311958321080098955e+01 3.142659836558391362e+02 -1.311840206987812429e+01 3.518545132100000000e+16 3.518545132100000000e+16
3.142039391704659010e+02 -1.138777831645181848e+01 3.142024918519405787e+02 -1.138603700814898723e+01 3.518548678384656400e+16 3.518548678384663200e+16
3.146236143102726146e+02 -1.255824544523842157e+01 3.146238842806665161e+02 -1.256007130367486901e+01 3.518546312796775600e+16 3.518546312796776000e+16
3.105887699054340487e+02 -1.177521961701572550e+01 3.105901129076792131e+02 -1.177640296103284356e+01 3.518548080276464400e+16 3.518548080276464400e+16
3.103504785414715457e+02 -1.125072384491239141e+01 3.103487298531472334e+02 -1.124951417916842722e+01 3.518549264748051600e+16 3.518549264748052000e+16
3.103268056373996160e+02 -1.100423813720664690e+01 3.103242852470055482e+02 -1.100374211016565162e+01 3.518549858661520800e+16 3.518549858661522000e+16
3.107878133991209779e+02 -1.015532181023627700e+01 3.107851506647159567e+02 -1.015498098059756948e+01 3.518551642918826000e+16 3.518551642918826400e+16
3.106002588014301864e+02 -1.150479331460034693e+01 3.105995048446397959e+02 -1.150325813576593781e+01 3.518548672512359200e+16 3.518548672512359200e+16
3.102155517762603267e+02 -1.055077262470676303e+01 3.102180669171812610e+02 -1.054972536431505681e+01 3.518551046907676800e+16 3.518551046907681600e+16
3.109862747008677388e+02 -1.186955897529479209e+01 3.109838098368064152e+02 -1.186955123121533440e+01 3.518548080695717600e+16 3.518548080695720000e+16
3.160197859569748857e+02 -1.062478563906507212e+01 3.160190673053332944e+02 -1.062703375455390109e+01 3.518551056554400000e+16 3.518550462222042800e+16
3.154894953028341433e+02 -1.204879260144522490e+01 3.154909932422820589e+02 -1.205018041468525603e+01 3.518547496009912800e+16 3.518547496009913600e+16
3.158991930152755003e+02 -1.215426787168099487e+01 3.159005331348770369e+02 -1.215443011560849662e+01 3.518546905452317600e+16 3.518546905452318000e+16
3.156757804099011651e+02 -1.009007191805422465e+01 3.156747992372102658e+02 -1.008797318150709366e+01 3.518552246478523200e+16 3.518552246478523200e+16
3.155617370394728027e+02 -1.002149886276675339e+01 3.155604845433134642e+02 -1.001942038974111782e+01 3.518552246059279600e+16 3.518552246059282800e+16
3.156088925534303939e+02 -1.166313110683357301e+01 3.156073842882217946e+02 -1.166193050763818562e+01 3.518548088246012000e+16 3.518548088246012000e+16
3.157061058534241624e+02 -1.013829920491730618e+01 3.157080334703550761e+02 -1.013683217715449381e+01 3.518551650887852000e+16 3.518551650887856000e+16
3.119498873496403348e+02 -1.023313680837517303e+01 3.119510776752943002e+02 -1.023372959740625099e+01 3.518551644596216000e+16 3.518551644596216000e+16
3.111098937463263496e+02 -1.140398232200514350e+01 3.111077818365583880e+02 -1.140405656735625506e+01 3.518548673351572000e+16 3.518548673351574000e+16
3.113693757496184276e+02 -1.096542896494607788e+01 3.113700381452350143e+02 -1.096766286958432346e+01 3.518549860339365200e+16 3.518549860339365200e+16
3.162824464770177428e+02 -1.220863440873038819e+01 3.162813036197515544e+02 -1.220968472483150258e+01 3.518546906291000000e+16 3.518546906291000000e+16
3.166477628746479240e+02 -1.229845814509972257e+01 3.166462435361830217e+02 -1.229908968398599178e+01 3.518546906710219200e+16 3.518546906710219600e+16
3.169560842699149248e+02 -1.356346564555227729e+01 3.169560455985032377e+02 -1.356174766522996578e+01 3.518543958953264000e+16 3.518543958953264000e+16
3.166297252594791871e+02 -1.238598018028542214e+01 3.166270413873173766e+02 -1.238585608816227435e+01 3.518546316152582800e+16 3.518546316152583200e+16
3.164508069293597714e+02 -1.263197036935248541e+01 3.164505332147950298e+02 -1.263259984444697537e+01 3.518545725175172800e+16 3.518545725175172800e+16
3.166481268693483457e+02 -1.123255034991010426e+01 3.166495724654265587e+02 -1.123081820391434427e+01 3.518549275233813600e+16 3.518549275233818800e+16
3.166048934095657614e+02 -1.202688562082906820e+01 3.166075979043417874e+02 -1.202637628962097338e+01 3.518547498107098400e+16 3.518547498107098800e+16
3.162925231914329061e+02 -1.302892485235662257e+01 3.162916492419236647e+02 -1.302969218670548557e+01 3.518545135455694400e+16 3.518545135455694400e+16
3.165025678260708446e+02 -1.000910123323893508e+01 3.165032940728253266e+02 -1.000647176903849811e+01 3.518552247737003200e+16 3.518552247737012400e+16
3.166489097204183167e+02 -1.014001072819698557e+01 3.166472669946949736e+02 -1.014037749531850352e+01 3.518551652565499200e+16 3.518551652565499200e+16
3.166986161057393474e+02 -1.079592184736446470e+01 3.166995410315819299e+02 -1.079468469341540704e+01 3.518550463060552000e+16 3.518550463060552400e+16
3.128017963406867921e+02 -1.110790357918318705e+01 3.128045150159995842e+02 -1.110767651424366775e+01 3.518549862855519200e+16 3.518549862855524000e+16
3.127885271798391500e+02 -1.112118999758745375e+01 3.127895879013730678e+02 -1.111872015725390206e+01 3.518549862855540000e+16 3.518549862855543200e+16
3.129158117946028597e+02 -1.107234896604301255e+01 3.129165228286600495e+02 -1.107374907183804602e+01 3.518549862855619200e+16 3.518549862855619600e+16
3.128485623421580613e+02 -1.118991496075658887e+01 3.128490101374938490e+02 -1.118743134305540998e+01 3.518549268942504000e+16 3.518549268942504000e+16
3.128974559273119667e+02 -1.115325085800796856e+01 3.128993493777755361e+02 -1.115205312362937740e+01 3.518549268942612000e+16 3.518549268942614800e+16
3.128875403208274406e+02 -1.114226639976549826e+01 3.128865396765071409e+02 -1.114012215124050087e+01 3.518549268942644400e+16 3.518549268942660800e+16
3.128851032339999847e+02 -1.063222422664987121e+01 3.128853044482688688e+02 -1.062953344706994763e+01 3.518550456769569600e+16 3.518550456769578400e+16
3.124584550116970831e+02 -1.255192114877175591e+01 3.124570850827738582e+02 -1.255157187437609601e+01 3.518546309441369200e+16 3.518546309441369200e+16
3.171419892560850826e+02 -1.178458024802577064e+01 3.171429884516156221e+02 -1.178234278376078770e+01 3.518548090762243200e+16 3.518548090762253600e+16
3.172382973166812121e+02 -1.257855446488986395e+01 3.172385004953046064e+02 -1.258031180766794499e+01 3.518546316990990000e+16 3.518546316990990000e+16
3.172081921941781957e+02 -1.061291268751962491e+01 3.172072849581796845e+02 -1.061458324252619079e+01 3.518551058651576800e+16 3.518551058651577200e+16
3.177738873662195829e+02 -1.118782824194175340e+01 3.177754673695604311e+02 -1.118907092650053237e+01 3.518549277331027200e+16 3.518549277331028800e+16
3.177370186537049790e+02 -1.100591738441881517e+01 3.177368701694129527e+02 -1.100329915164456551e+01 3.518549870824903200e+16 3.518549870824903200e+16
3.184791597964191965e+02 -1.056442039031380986e+01 3.184795320268034970e+02 -1.056367464405845347e+01 3.518551060748840000e+16 3.518551060748840400e+16
3.183135628071838141e+02 -1.133490922201204398e+01 3.183126307562113766e+02 -1.133413280470796280e+01 3.518549278169610800e+16 3.518549278169611200e+16
3.182890828340344456e+02 -1.191997314697478139e+01 3.182880194738845034e+02 -1.192045509618805532e+01 3.518547500623974000e+16 3.518547500623974400e+16
3.187364210200063326e+02 -1.353002902954732178e+01 3.187353898026971137e+02 -1.353015510324454418e+01 3.518543961889360000e+16 3.518543961889360400e+16
3.180199741662998463e+02 -1.355491470673369392e+01 3.180206940459515295e+02 -1.355328061159988273e+01 3.518543960631030000e+16 3.518543960631036400e+16
3.188464916897344779e+02 -1.217205925547513168e+01 3.188475990573587637e+02 -1.217336345693408539e+01 3.518546910485393600e+16 3.518546910485393600e+16
3.199803734595877245e+02 -1.045253479439100808e+01 3.199829246028441503e+02 -1.045196839816458478e+01 3.518551063265677600e+16 3.518551063265683600e+16
3.197065928525768186e+02 -1.196335925438912184e+01 3.197042410068243612e+02 -1.196311141865008132e+01 3.518547503140429600e+16 3.518547503140429600e+16
3.194193875282733757e+02 -1.092641038147799648e+01 3.194180609184207924e+02 -1.092669708796337602e+01 3.518549873761163600e+16 3.518549873761163600e+16
3.199419748271265576e+02 -1.298403906746465175e+01 3.199396676309652321e+02 -1.298491930704259367e+01 3.518545141327700800e+16 3.518545141327700800e+16
3.196652227062832594e+02 -1.287537890211560843e+01 3.196661415519710658e+02 -1.287552844845907885e+01 3.518545140908613600e+16 3.518545140908613600e+16
3.194237066794599968e+02 -1.238286373615808422e+01 3.194229820479002342e+02 -1.238249560420540796e+01 3.518546320766289200e+16 3.518546320766289600e+16
3.133803668298675120e+02 -1.300255342002110837e+01 3.133826931780698146e+02 -1.300243786386044853e+01 3.518545130842003200e+16 3.518545130842003200e+16
3.132534855771594948e+02 -1.009906387799852645e+01 3.132520431821764078e+02 -1.009796607484137532e+01 3.518552242284194400e+16 3.518552242284195600e+16
3.138501210267680790e+02 -1.332942419838331460e+01 3.138519752232980977e+02 -1.332844471762657612e+01 3.518544542800372400e+16 3.518544542800376800e+16
3.129308787474861333e+02 -1.124562339171047398e+01 3.129316019274984910e+02 -1.124505252971329305e+01 3.518549269361819200e+16 3.518549269361819200e+16
3.133732843514155775e+02 -1.245792056524123659e+01 3.133740560959039954e+02 -1.245562535405375471e+01 3.518546310700623600e+16 3.518546310700624000e+16
3.132664939678539326e+02 -1.326688497060624172e+01 3.132651742428390662e+02 -1.326503842657564469e+01 3.518544541542201600e+16 3.518544541542224000e+16
3.131732124448113268e+02 -1.324888486616619687e+01 3.131710859219775784e+02 -1.324842573427736525e+01 3.518544541542263200e+16 3.518544541542277600e+16
3.130802015438522972e+02 -1.324185296567877934e+01 3.130798185851425615e+02 -1.324417490964067490e+01 3.518544541542335200e+16 3.518544541542335600e+16
3.130789134792596542e+02 -1.321924000966105694e+01 3.130802757439365109e+02 -1.322056926151561385e+01 3.518544541542373600e+16 3.518544541542373600e+16
3.097188454507634106e+02 -1.035070127449103694e+01 3.097191222072510755e+02 -1.035148873505193379e+01 3.518551640820990800e+16 3.518551640820991200e+16
3.095155689006231228e+02 -1.012571526367759667e+01 3.095160045503070023e+02 -1.012300882039862593e+01 3.518551640821420000e+16 3.518552235992680800e+16
3.144520610004987589e+02 -3.213344831137080249e+00 3.144544100923776568e+02 -3.212152986933368926e+00 3.518568451172380800e+16 3.518568451172387200e+16
3.145470114941985571e+02 -3.161657358759505598e+00 3.145453001183902302e+02 -3.159977085047541046e+00 3.518568451172515200e+16 3.518568451172515200e+16
3.147502399041181320e+02 -2.686309437408869183e+00 3.147484717675627053e+02 -2.685605353874069845e+00 3.518569659551442400e+16 3.518569659131988000e+16
3.139918099515094809e+02 -3.628158325302169640e+00 3.139916721422959540e+02 -3.626277935452582923e+00 3.518567244051947600e+16 3.518567244051948000e+16
3.143034951350347228e+02 -1.744060315202038414e+00 3.143030814091305842e+02 -1.741836174092898037e+00 3.518572074631546800e+16 3.518572074631548000e+16
3.141879287990252578e+02 -4.330435729979527970e+00 3.141898206355756429e+02 -4.331261984682531541e+00 3.518566038188970400e+16 3.518566038188970400e+16
3.142596909893927091e+02 -2.945708287607404774e+00 3.142583750916631971e+02 -2.947404566625525302e+00 3.518569054732711600e+16 3.518569054732712000e+16
3.148582674230461862e+02 -2.556730167218391192e-01 3.148585966656407891e+02 -2.537817653183085387e-01 3.518575699348997200e+16 3.518575699349004800e+16
3.149237731105962439e+02 -1.499282177899695645e-01 3.149234977610988722e+02 -1.472251585197748569e-01 3.518575699349258400e+16 3.518575699349259200e+16
3.143245511349339836e+02 -3.224310525999979582e+00 3.143233180814946763e+02 -3.224206302596013707e+00 3.518568450752898000e+16 3.518568450752898000e+16
3.145045017350693115e+02 -1.858076904618013891e+00 3.145028100031362328e+02 -1.856159140354508574e+00 3.518572075050662400e+16 3.518572075050662400e+16
3.146164435323560724e+02 -1.697234064834628908e+00 3.146166891116237707e+02 -1.698804790066410719e+00 3.518572075051118400e+16 3.518572075051118800e+16
3.140993361684706997e+02 -2.815338591679108493e+00 3.141002669588770004e+02 -2.816765939565600618e+00 3.518569658292773600e+16 3.518569658292774400e+16
3.146047824887165802e+02 -5.712210736679979028e-01 3.146035684003274469e+02 -5.718292504655145825e-01 3.518575094949612800e+16 3.518575094949612800e+16
3.148744841591836803e+02 -4.110323355439371440e+00 3.148750923039699501e+02 -4.112344613715192665e+00 3.518566642168667200e+16 3.518566642168668000e+16
3.145222326142060751e+02 -4.305378729920952274e+00 3.145201378186663987e+02 -4.305567056505783086e+00 3.518566038608459600e+16 3.518566038608459600e+16
3.101483483023677650e+02 -4.817076690822521101e+00 3.101502150634595978e+02 -4.816361732945252605e+00 3.518564826035156800e+16 3.518564826035158000e+16
3.110936125095028615e+02 -4.871219266487131883e+00 3.110954803409218243e+02 -4.873174006535603731e+00 3.518564827293288800e+16 3.518564827293288800e+16
3.111136952140718108e+02 -4.872578717679850513e+00 3.111153869684114284e+02 -4.870515600713893001e+00 3.518564827293304800e+16 3.518564827712743600e+16
3.111101758968241029e+02 -4.811037217616248363e+00 3.111117465901417063e+02 -4.809012450559370322e+00 3.518564827293320800e+16 3.518564827293345600e+16
3.111129874393147929e+02 -4.807770166242649523e+00 3.111117465901417063e+02 -4.809012450559370322e+00 3.518564827293324000e+16 3.518564827293345600e+16
3.110796018250220527e+02 -4.854017608352505952e+00 3.110808734698242688e+02 -4.852958012960249867e+00 3.518564827293345200e+16 3.518564827293346400e+16
3.110743726979987400e+02 -4.858743808618777749e+00 3.110727719380064400e+02 -4.858571293229582366e+00 3.518564827293376000e+16 3.518564827293376000e+16
3.110529541908822466e+02 -4.798208695136723101e+00 3.110508293303871596e+02 -4.797918153364095772e+00 3.518564827293516400e+16 3.518564827293519200e+16
3.111010842721591416e+02 -4.797323345030064523e+00 3.111031343808691645e+02 -4.796315309303198049e+00 3.518564827293558000e+16 3.518564827293560800e+16
3.111011961252584683e+02 -4.792458258569156193e+00 3.110991201140302564e+02 -4.791980282586246531e+00 3.518564827293567200e+16 3.518564827293567200e+16
3.111130193960372594e+02 -4.756024050674637849e+00 3.111155856018068562e+02 -4.755429573237291763e+00 3.518564827293668400e+16 3.518564827713099200e+16
3.103033623729187411e+02 -4.507806565715454461e+00 3.103014400289855530e+02 -4.507615748066399419e+00 3.518565428337398000e+16 3.518565428337398400e+16
3.110567883022576439e+02 -4.893042587829057766e+00 3.110580584565812501e+02 -4.890679611087015211e+00 3.518564224991989200e+16 3.518564224991996400e+16
3.110976407527435867e+02 -4.891557309153586885e+00 3.110955287720144611e+02 -4.890181173028741668e+00 3.518564224991994800e+16 3.518564224991995200e+16
3.105401849594919668e+02 -4.724524219528747793e+00 3.105386662260428920e+02 -4.722547678249530811e+00 3.518564826454874800e+16 3.518564826454884000e+16
3.158949751882461783e+02 -2.285557308269268617e+00 3.158970222195364386e+02 -2.286731529431112353e+00 3.518570869188235200e+16 3.518570869188248400e+16
3.157170383028083620e+02 -4.946289603571226934e+00 3.157168513553624507e+02 -4.946245004900758246e+00 3.518564232960857200e+16 3.518564232960857200e+16
3.152390423966725166e+02 -2.913901565221010070e+00 3.152387309196618048e+02 -2.911564160365827547e+00 3.518569055991150400e+16 3.518569055991153200e+16
3.157146993155793098e+02 -1.347686460802513420e+00 3.157133486581495276e+02 -1.349862838856811686e+00 3.518573284687947600e+16 3.518573284687947600e+16
3.153611676136914070e+02 -3.175892616213237485e+00 3.153625089517746005e+02 -3.173903276912063642e+00 3.518568452430741600e+16 3.518568452430742000e+16
3.150937480025173727e+02 -9.176666914400470887e-01 3.150922913965173962e+02 -9.163618071274007848e-01 3.518573887829289200e+16 3.518573887829401200e+16
3.158826798288658324e+02 -3.757623524871499754e+00 3.158820960042633033e+02 -3.756700560153133583e+00 3.518567246987536000e+16 3.518567246987536400e+16
3.155358149282705540e+02 -3.940191121070192093e+00 3.155369902301260367e+02 -3.940980243984822273e+00 3.518566643427308800e+16 3.518566643427309200e+16
3.153969767323460474e+02 -3.065532781987215571e+00 3.153972093371899064e+02 -3.062930518166675498e+00 3.518569056410177600e+16 3.518569056410177600e+16
3.152960192929378991e+02 -3.820235563650156152e+00 3.152978649453935418e+02 -3.822000414720054806e+00 3.518567246148532800e+16 3.518567246148533200e+16
3.157997040670813362e+02 -4.017683335347738804e+00 3.158003845395306257e+02 -4.016279001803695792e+00 3.518566643846578000e+16 3.518566643846578400e+16
3.153322261531355934e+02 -4.166929523572944660e+00 3.153340384303551218e+02 -4.165091592775776341e+00 3.518566039867054400e+16 3.518566039867058800e+16
3.153552609647036320e+02 -1.986538181594292629e+00 3.153558358412724374e+02 -1.984482324253640462e+00 3.518571472329514400e+16 3.518571472329514400e+16
3.157677109103946691e+02 -1.218795509371716212e+00 3.157684134717550819e+02 -1.220371290065983771e+00 3.518573285107756800e+16 3.518573285107756800e+16
3.158461004017290747e+02 -1.146042192629242340e+00 3.158452251803100239e+02 -1.147540837686802151e+00 3.518573285107958400e+16 3.518573285107958400e+16
3.152851054011375140e+02 -2.504691485901040071e+00 3.152844727525936150e+02 -2.502860055732417877e+00 3.518570264369857200e+16 3.518570264369857600e+16
3.151956280230839980e+02 -4.074681046995058509e+00 3.151962361849583090e+02 -4.073828542898811023e+00 3.518566643007610400e+16 3.518566643007610800e+16
3.153494900636762281e+02 -4.819013097668507939e+00 3.153508209859271005e+02 -4.817378608746266444e+00 3.518564834423725200e+16 3.518564834423728800e+16
3.115314209528675633e+02 -4.214739212960984638e+00 3.115329334200599760e+02 -4.212965436174504141e+00 3.518566033575582800e+16 3.518566033575582800e+16
3.116228186695144018e+02 -4.139341175477402324e+00 3.116242122702086021e+02 -4.137765751484820953e+00 3.518566033575794800e+16 3.518566033575795200e+16
3.115997657138519799e+02 -4.129939801985166525e+00 3.115982374225685021e+02 -4.127654759883601976e+00 3.518566033575818400e+16 3.518566033575826800e+16
3.111404872354736995e+02 -4.827948189083643982e+00 3.111410341436123304e+02 -4.830614855185712209e+00 3.518564827712769200e+16 3.518564827712780000e+16
3.111411775986031216e+02 -4.820679310192814704e+00 3.111400865871370343e+02 -4.822575670674499548e+00 3.518564827712897600e+16 3.518564827712898800e+16
3.111471726635754180e+02 -4.818861627737073050e+00 3.111481119515309501e+02 -4.819859369474577271e+00 3.518564827712906400e+16 3.518564827712906800e+16
3.112066655628923968e+02 -4.812511783660283093e+00 3.112054492198198545e+02 -4.813960117356408830e+00 3.518564827712929200e+16 3.518564827712929600e+16
3.111509020385118447e+02 -4.811747605328098309e+00 3.111498988914880783e+02 -4.813011365441603573e+00 3.518564827712935600e+16 3.518564827712935600e+16
3.111184283047242047e+02 -4.795766956754595078e+00 3.111170725476866892e+02 -4.795690127842751949e+00 3.518564827712986000e+16 3.518564827712986400e+16
3.112071895090234648e+02 -4.066074086047627212e+00 3.112062984541562969e+02 -4.067074507520243465e+00 3.518566636296787200e+16 3.518566636296787200e+16
3.110814641689477753e+02 -3.868683604629792328e+00 3.110807545725951400e+02 -3.867193898579139422e+00 3.518567239018119600e+16 3.518567239018120000e+16
3.117374667335139407e+02 -3.560309801643513961e+00 3.117372143588718245e+02 -3.563045847841455949e+00 3.518567843417511200e+16 3.518567843417512800e+16
3.118669092922754658e+02 -4.231356748366035703e+00 3.118647949097321543e+02 -4.230047383651806214e+00 3.518566033994955200e+16 3.518566033994956400e+16
3.115722806887381466e+02 -4.119194598489928971e+00 3.115739054746338184e+02 -4.118230727422291793e+00 3.518566636716042400e+16 3.518566636716042400e+16
3.116570847773026571e+02 -4.117213100587129304e+00 3.116583928463789448e+02 -4.118993067441505396e+00 3.518566636716060000e+16 3.518566636716060000e+16
3.115388771672634789e+02 -4.119250690221008426e+00 3.115386361968480173e+02 -4.118194819893847836e+00 3.518566636716061200e+16 3.518566636716061200e+16
3.116423193108049645e+02 -4.115304067899749896e+00 3.116398131319181175e+02 -4.115552671241271554e+00 3.518566636716067200e+16 3.518566636716067200e+16
3.115817289956416971e+02 -4.111934425094312395e+00 3.115810677381388132e+02 -4.113009744043567117e+00 3.518566636716074800e+16 3.518566636716076000e+16
3.115817289956416971e+02 -4.111934425094312395e+00 3.115818780066787212e+02 -4.110190781060637732e+00 3.518566636716074800e+16 3.518566636716076000e+16
3.116283933848849870e+02 -4.112377644376127961e+00 3.116294786004911543e+02 -4.109861076790372714e+00 3.518566636716081200e+16 3.518566636716081600e+16
3.115552508926558062e+02 -4.109976594719652709e+00 3.115538639727976715e+02 -4.108113028685484558e+00 3.518566636716086000e+16 3.518566636716093200e+16
3.116435373196183036e+02 -4.110481513915118512e+00 3.116447108711477654e+02 -4.109002608826970437e+00 3.518566636716087200e+16 3.518566636716087200e+16
3.115641336654315410e+02 -4.109680024112814856e+00 3.115661211682813132e+02 -4.108609548253807198e+00 3.518566636716090000e+16 3.518566636716090000e+16
3.115782523362041161e+02 -4.076334640232886386e+00 3.115787495444422461e+02 -4.074977128305764751e+00 3.518566636716139600e+16 3.518566636716140000e+16
3.115716473475882822e+02 -4.100752594726690958e+00 3.115731348801538161e+02 -4.102515625578872616e+00 3.518566636716150400e+16 3.518566636716151200e+16
3.115603253354651656e+02 -4.100743552726184404e+00 3.115586274716980597e+02 -4.098695608650545275e+00 3.518566636716152800e+16 3.518566636716152800e+16
3.115781478015846915e+02 -4.100621536120018007e+00 3.115774212197070483e+02 -4.098738225448526507e+00 3.518566636716157600e+16 3.518566636716157600e+16
3.116703036852441073e+02 -4.091718450515590355e+00 3.116686305468877549e+02 -4.092258590773472982e+00 3.518566636716170400e+16 3.518566636716171200e+16
3.116436514065078995e+02 -4.055207672116420525e+00 3.116429916646846436e+02 -4.056639085086582774e+00 3.518566636716198000e+16 3.518566636716203200e+16
3.116481644698392302e+02 -4.078367987449828647e+00 3.116486862084229301e+02 -4.076673400609335474e+00 3.518566636716210400e+16 3.518566636716210400e+16
3.115679030513189218e+02 -4.065599847211506912e+00 3.115672364390562734e+02 -4.067083429670533157e+00 3.518566636716218000e+16 3.518566636716218400e+16
3.115658881065839410e+02 -4.067696743248848890e+00 3.115672364390562734e+02 -4.067083429670533157e+00 3.518566636716218400e+16 3.518566636716218400e+16
3.115736319214030914e+02 -4.062677828646994449e+00 3.115757470553617168e+02 -4.061643024003018354e+00 3.518566636716240400e+16 3.518566636716240800e+16
3.115433038895096729e+02 -4.058791176371979503e+00 3.115435646290520708e+02 -4.057806243757536180e+00 3.518566636716252800e+16 3.518566636716252800e+16
3.115435646290520708e+02 -4.057806243757536180e+00 3.115458471881319156e+02 -4.057392791854324443e+00 3.518566636716252800e+16 3.518566636716252800e+16
3.115807435441516873e+02 -4.053465269051095277e+00 3.115827455322594233e+02 -4.051599039474552910e+00 3.518566636716262800e+16 3.518566636716262800e+16
3.115696423073120513e+02 -4.052107432057810321e+00 3.115713102970449881e+02 -4.050755508465818444e+00 3.518566636716270000e+16 3.518566636716270400e+16
3.115713102970449881e+02 -4.050755508465818444e+00 3.115731871484334192e+02 -4.052435990424930523e+00 3.518566636716270400e+16 3.518566636716270400e+16
3.115925066896200519e+02 -4.049355396135091212e+00 3.115948216637746100e+02 -4.048126615099717718e+00 3.518566636716281600e+16 3.518566636716281600e+16
3.115662542001277870e+02 -4.042592346987003538e+00 3.115671452627007056e+02 -4.042982559552807942e+00 3.518566636716285600e+16 3.518566636716286000e+16
3.115662542001277870e+02 -4.042592346987003538e+00 3.115681518836865962e+02 -4.043840612231507592e+00 3.518566636716285600e+16 3.518566636716286400e+16
3.115671452627007056e+02 -4.042982559552807942e+00 3.115681518836865962e+02 -4.043840612231507592e+00 3.518566636716286000e+16 3.518566636716286400e+16
3.116337964141337693e+02 -4.047843965276581635e+00 3.116339446671719315e+02 -4.045213900874281343e+00 3.518566636716287200e+16 3.518566636716294400e+16
3.116119319947091526e+02 -4.044814815199551994e+00 3.116103639477000229e+02 -4.042608588760249866e+00 3.518566636716292000e+16 3.518566636716296000e+16
3.115935198212252999e+02 -4.040367252940066045e+00 3.115917352993739087e+02 -4.038877240698195870e+00 3.518566636716306400e+16 3.518566636716309600e+16
3.116722570481214802e+02 -4.018527003837446543e+00 3.116703621202329941e+02 -4.016592570667071094e+00 3.518566636716363600e+16 3.518566636716367600e+16
3.116513945066002975e+02 -4.013873036555202667e+00 3.116505331946617616e+02 -4.014408726399542715e+00 3.518566636716375200e+16 3.518566636716375200e+16
3.115811475880233843e+02 -3.998545944392335905e+00 3.115797110336073388e+02 -4.000372727460573152e+00 3.518566636716407200e+16 3.518566636716408000e+16
3.115750725802187731e+02 -3.978546940855716585e+00 3.115758308425524774e+02 -3.979123705305499747e+00 3.518566636716496000e+16 3.518566636716496400e+16
3.167737431959237142e+02 -4.918108798024173112e+00 3.167737560042116911e+02 -4.918734943481542388e+00 3.518564234638614400e+16 3.518564234638614400e+16
3.160040808882157535e+02 -2.860739515317450188e+00 3.160027289864757449e+02 -2.861020881654702475e+00 3.518569661648124800e+16 3.518569661648126400e+16
3.163514588190249128e+02 -3.047412507568731943e+00 3.163507574004904654e+02 -3.049495387662070733e+00 3.518569058087944800e+16 3.518569058087944800e+16
3.161872780645506396e+02 -4.313530749355630078e+00 3.161865506221523674e+02 -4.314160402639497072e+00 3.518566041125020000e+16 3.518566041125020000e+16
3.165490785932076392e+02 -4.604861181944209569e+00 3.165502760794962001e+02 -4.604965749393675090e+00 3.518565438822871200e+16 3.518565438822871200e+16
3.168642997590326331e+02 -3.969851314628416006e+00 3.168632070479839058e+02 -3.969687189496637014e+00 3.518566645524438800e+16 3.518566645524438800e+16
3.161906010833174605e+02 -3.845066796109462892e+00 3.161912505317613409e+02 -3.843654370304238732e+00 3.518567247826208400e+16 3.518567247826208800e+16
3.124043441319911949e+02 -2.378062871011989543e+00 3.124041357178873000e+02 -2.380376174332811789e+00 3.518570259337126400e+16 3.518570259337127200e+16
3.128846002316974477e+02 -2.835853465961784448e+00 3.128853532477596673e+02 -2.833382343109895452e+00 3.518569656195585600e+16 3.518569656195596800e+16
3.174074250143765994e+02 -4.641989666695341299e+00 3.174053579716867830e+02 -4.641503092390125040e+00 3.518564838199032800e+16 3.518564838199033200e+16
3.168870369207928093e+02 -4.473432987174268405e+00 3.168883831928988570e+02 -4.472974224518277531e+00 3.518565439662067200e+16 3.518565439662067600e+16
3.173232762157097113e+02 -4.534973321224560650e+00 3.173218647198443136e+02 -4.533246009541337607e+00 3.518565440081333600e+16 3.518565440081338400e+16
3.171088779897837640e+02 -4.029302532736828368e+00 3.171110684855190698e+02 -4.028099775330388432e+00 3.518566645943742800e+16 3.518566645943744800e+16
3.183399750595778528e+02 -4.561194855780371427e+00 3.183378117948530530e+02 -4.560942572737931577e+00 3.518565441758977200e+16 3.518565441758977600e+16
3.187233293443541129e+02 -3.711246698594149240e+00 3.187232634556294215e+02 -3.710448278394764543e+00 3.518567252020775200e+16 3.518567252020776000e+16
3.182440824158348391e+02 -3.761040097717323505e+00 3.182449090175911692e+02 -3.759362816408081454e+00 3.518567251181882000e+16 3.518567251181882400e+16
3.191357091246886171e+02 -4.065853902395390129e+00 3.191339202552647976e+02 -4.066117382684418580e+00 3.518566649299065600e+16 3.518566649299065600e+16
3.194530760769428639e+02 -4.558246034807953428e+00 3.194521267177383379e+02 -4.559426709973838143e+00 3.518565443856274000e+16 3.518565443856274400e+16
3.195519701408047695e+02 -4.082427591012436352e+00 3.195509121027766355e+02 -4.084961013334556412e+00 3.518566650137916000e+16 3.518566650137916000e+16
3.139339939039871865e+02 -1.362261947352801039e+00 3.139357354564172624e+02 -1.363376625448363910e+00 3.518573281751888000e+16 3.518573281751953200e+16
3.134273063191696451e+02 -1.691988849332597411e+00 3.134249817372328835e+02 -1.691978425869324454e+00 3.518572072953923600e+16 3.518572072953924000e+16
3.134761555044559600e+02 -1.669513167424907296e+00 3.134739876935798861e+02 -1.668192146316596070e+00 3.518572072953970000e+16 3.518572072953990800e+16
3.134480526695100480e+02 -1.661063662705600574e+00 3.134494123210943144e+02 -1.659440211492742456e+00 3.518572072954004800e+16 3.518572072954005200e+16
3.133988595751845878e+02 -1.659984641464601118e+00 3.134010978943804844e+02 -1.659671921074690193e+00 3.518572072954014800e+16 3.518572072954015200e+16
3.134025243190084780e+02 -1.660246858301974715e+00 3.134010978943804844e+02 -1.659671921074690193e+00 3.518572072954014800e+16 3.518572072954015200e+16
3.133891320857093774e+02 -1.653662506297846058e+00 3.133880039601748422e+02 -1.651807938978055335e+00 3.518572072954063200e+16 3.518572072954063600e+16
3.138010102196290632e+02 -2.072312670458694939e+00 3.137990917878199184e+02 -2.070954500293514577e+00 3.518571469812672800e+16 3.518571469812673600e+16
3.137171968221139196e+02 -1.876098226642450628e+00 3.137174868851381575e+02 -1.877304210600263756e+00 3.518571469393766800e+16 3.518571469393767200e+16
3.134119671470128878e+02 -1.618470035970660748e+00 3.134134880764756872e+02 -1.616548493403668685e+00 3.518572676933228800e+16 3.518572676933261600e+16
3.134313078442697247e+02 -1.608905468153926988e+00 3.134338072412859901e+02 -1.609679505347025863e+00 3.518572676933273600e+16 3.518572676933273600e+16
3.134500059776958096e+02 -1.596456809158681489e+00 3.134515243092484411e+02 -1.597319111344406517e+00 3.518572676933311200e+16 3.518572676933311600e+16
3.134007652381915818e+02 -1.414790501843165238e+00 3.134016315203338081e+02 -1.415538652637516215e+00 3.518572676933795600e+16 3.518572676933795600e+16
3.132401730200608085e+02 -2.075524271687932742e+00 3.132390979965829843e+02 -2.075098760204641568e+00 3.518571468554384400e+16 3.518571468554384800e+16
3.137065376674020740e+02 -1.121020806343655085e+00 3.137083069894296159e+02 -1.121842329861480803e+00 3.518573885312210400e+16 3.518573885312211200e+16
3.135656702484952234e+02 -4.785024641094875797e+00 3.135674358095686785e+02 -4.785650561384477975e+00 3.518564831487826800e+16 3.518564831487827200e+16
3.134202634573633190e+02 -4.654290920775046025e+00 3.134213704976652366e+02 -4.654641632246819150e+00 3.518564831488180800e+16 3.518564831488180800e+16
3.134996119924139748e+02 -4.621149710402816524e+00 3.135015936258801617e+02 -4.619479159384905387e+00 3.518565433789700800e+16 3.518565433789705600e+16
3.140154013566038884e+02 -4.522048767427357063e+00 3.140145097270377050e+02 -4.519773756021752575e+00 3.518565434628820000e+16 3.518565434628845600e+16
3.137662258543105622e+02 -3.569831243822054745e+00 3.137679047137119142e+02 -3.567708497014854707e+00 3.518567846772901200e+16 3.518567846772905600e+16
3.308918872987337636e+02 -1.380801737786393346e+01 3.308928435817521745e+02 -1.380769815702858239e+01 3.518543393561121200e+16 3.518543393561121200e+16
3.303264726716967061e+02 -1.419791536145635824e+01 3.303245580470976961e+02 -1.419673257859903082e+01 3.518542219156188000e+16 3.518542219156188000e+16
3.090529185167629294e+02 -8.438298752966757021e+00 3.090514092358147877e+02 -8.437505293526928796e+00 3.518555816251084800e+16 3.518555816251084800e+16
3.098487177573551890e+02 -9.411030981320561040e+00 3.098508658658067247e+02 -9.412042493060155834e+00 3.518553428433939200e+16 3.518553428433939200e+16
3.092610183587402730e+02 -7.235479593651950481e+00 3.092616308415795174e+02 -7.235486867294145696e+00 3.518558811822975200e+16 3.518558811822976000e+16
3.092493468326413790e+02 -7.232701509024321851e+00 3.092483611766633658e+02 -7.233581349611820421e+00 3.518558811822980000e+16 3.518558811822980400e+16
3.090183660261653813e+02 -6.972830148165726882e+00 3.090173110203189140e+02 -6.971063654242776408e+00 3.518559411189026400e+16 3.518559411189026800e+16
3.097456616404973033e+02 -6.455641292564122224e+00 3.097467152628425424e+02 -6.455738022556334776e+00 3.518560613696039200e+16 3.518560613696039200e+16
3.098194043711541781e+02 -7.710718051275842200e+00 3.098211773535687144e+02 -7.709081669780861290e+00 3.518557613090911600e+16 3.518557613090914000e+16
3.091333710937999513e+02 -9.193988386018634884e+00 3.091335824961558956e+02 -9.193500289222196642e+00 3.518554024024842000e+16 3.518554024024848800e+16
3.097699106276497787e+02 -9.340526487813402667e+00 3.097714329183768314e+02 -9.341023095464464632e+00 3.518554024863428000e+16 3.518554024863428800e+16
3.093212949180600049e+02 -7.473266003484954290e+00 3.093232159067692351e+02 -7.472044714107881624e+00 3.518558212037506400e+16 3.518558212037512400e+16
3.091705217429437198e+02 -7.409196319102930417e+00 3.091724544605482379e+02 -7.407270128210102555e+00 3.518558212037702400e+16 3.518558212037727600e+16
3.093999094366897111e+02 -5.985829062647394672e+00 3.094000784230460681e+02 -5.983430213938538245e+00 3.518561814944540800e+16 3.518561814944541600e+16
3.099891416458074218e+02 -8.421187400307825754e+00 3.099903710269733779e+02 -8.419632117793817372e+00 3.518555817509570800e+16 3.518555817509571600e+16
3.096861023156691886e+02 -9.633061873978807199e+00 3.096856754693955054e+02 -9.631446239763610251e+00 3.518552832003995600e+16 3.518552832003996000e+16
3.096834622182259409e+02 -9.631803913579243925e+00 3.096856754693955054e+02 -9.631446239763610251e+00 3.518552832003995600e+16 3.518552832003996000e+16
3.075471278940314050e+02 -6.908625410137117839e+00 3.075462762320972274e+02 -6.909879305725349141e+00 3.518559408672690400e+16 3.518559408672690800e+16
3.074716447367454180e+02 -7.541527128862115958e+00 3.074704879958793526e+02 -7.539265188423384778e+00 3.518558209101265200e+16 3.518558209101265600e+16
3.074997120815589824e+02 -7.505714180310748773e+00 3.075013557422103645e+02 -7.505962501402258624e+00 3.518558209101380400e+16 3.518558209101380800e+16
3.071577037656194307e+02 -7.645052132041469051e+00 3.071554681719181872e+02 -7.646374811722890463e+00 3.518557608896785200e+16 3.518557608896790400e+16
3.084084657386184176e+02 -6.226565698512850133e+00 3.084104821583849230e+02 -6.227316099906786917e+00 3.518561211803815200e+16 3.518561211803815200e+16
3.087856481819020473e+02 -7.781820075229458844e+00 3.087854022257512270e+02 -7.782232632753721013e+00 3.518557611412967200e+16 3.518557611412968800e+16
3.087264164772828394e+02 -7.516256429032948994e+00 3.087257686564095138e+02 -7.518206068636684059e+00 3.518558211198477600e+16 3.518558211198478000e+16
3.087240621206794344e+02 -7.517929784214270050e+00 3.087257686564095138e+02 -7.518206068636684059e+00 3.518558211198477600e+16 3.518558211198478000e+16
3.087761661871678029e+02 -7.501663741858062728e+00 3.087778410046837507e+02 -7.502906656855105716e+00 3.518558211198528000e+16 3.518558211198528000e+16
3.087191284472349366e+02 -7.495205472569238303e+00 3.087169699691025926e+02 -7.495677473003814484e+00 3.518558211198532800e+16 3.518558211198532800e+16
3.087130453418421325e+02 -7.499111599299566500e+00 3.087115425128655488e+02 -7.498089657566914035e+00 3.518558211198533200e+16 3.518558211198534000e+16
3.087258211918282882e+02 -7.499146658640299279e+00 3.087261234331895139e+02 -7.498181235488777574e+00 3.518558211198537200e+16 3.518558211198537600e+16
3.087523619570100095e+02 -7.492139506865508558e+00 3.087527433197137725e+02 -7.491113597459414741e+00 3.518558211198557600e+16 3.518558211198557600e+16
3.087840282856964222e+02 -7.481491167956395572e+00 3.087865157151745166e+02 -7.480328682697657605e+00 3.518558211198572400e+16 3.518558211198572800e+16
3.087865157151745166e+02 -7.480328682697657605e+00 3.087855195125483760e+02 -7.478365604996941585e+00 3.518558211198572800e+16 3.518558211198662000e+16
3.088257245533467881e+02 -7.448489694255881588e+00 3.088261869422512405e+02 -7.451194761045701220e+00 3.518558211198583600e+16 3.518558211198601600e+16
3.087770365361083122e+02 -7.455425158803080876e+00 3.087797174360526355e+02 -7.454821425918197519e+00 3.518558211198584000e+16 3.518558211198629600e+16
3.087682290290103424e+02 -7.475418400742833924e+00 3.087703737117202536e+02 -7.474290947357397741e+00 3.518558211198637600e+16 3.518558211198640000e+16
3.086670982278275801e+02 -7.475303849182876270e+00 3.086666819962547947e+02 -7.477491754093766652e+00 3.518558211198668000e+16 3.518558211198668800e+16
3.086766599623534830e+02 -7.474044062032619173e+00 3.086753253624876265e+02 -7.475775196139827550e+00 3.518558211198671200e+16 3.518558211198671200e+16
3.087724290826512288e+02 -7.434045850109617604e+00 3.087704853224924477e+02 -7.433809034440216124e+00 3.518558211198751200e+16 3.518558211198751200e+16
3.087507739892898826e+02 -7.419876068344970932e+00 3.087522009553362636e+02 -7.418332761872337144e+00 3.518558211198792000e+16 3.518558211198792400e+16
3.086950993290230940e+02 -7.408569876595509029e+00 3.086975719755685077e+02 -7.408705540602303685e+00 3.518558211198817200e+16 3.518558211198817200e+16
3.089650336729549167e+02 -7.843975579963268885e+00 3.089638285878754687e+02 -7.844804664730884447e+00 3.518557611832222400e+16 3.518557611832222800e+16
3.087610772321563672e+02 -8.622769743829575617e+00 3.087603947627953858e+02 -8.623364766133979842e+00 3.518555815831154000e+16 3.518555815831154000e+16
3.083613982780022980e+02 -8.146402717039769925e+00 3.083625719685244917e+02 -8.145979163706426718e+00 3.518556413100759600e+16 3.518556413100760000e+16
3.087798497192293325e+02 -7.283715044650104886e+00 3.087789525316382537e+02 -7.282248499569058175e+00 3.518558810983912400e+16 3.518558810983912800e+16
3.090108616772058667e+02 -9.304495613209518012e+00 3.090124187340506410e+02 -9.303929548785816905e+00 3.518554023605233600e+16 3.518554023605234400e+16
3.227099113611781718e+02 -7.539668036266553131e+00 3.227111399924052080e+02 -7.539121724277157099e+00 3.518558234267058800e+16 3.518558234267058800e+16
3.227968353326246529e+02 -7.616790033283440842e+00 3.227985407482495930e+02 -7.615407951534396425e+00 3.518558234686283200e+16 3.518558234686285600e+16
3.227992544433627131e+02 -7.590127501045999203e+00 3.228019083983546693e+02 -7.589703785271900038e+00 3.518558234686337200e+16 3.518558234686341200e+16
3.227669193611748710e+02 -7.549130738259751894e+00 3.227658315808803877e+02 -7.549950300986864704e+00 3.518558234686424800e+16 3.518558234686425200e+16
3.221335204386463715e+02 -9.216265744017093198e+00 3.221353258774541928e+02 -9.217134603510443114e+00 3.518554045415721600e+16 3.518554045415721600e+16
3.222405628768691486e+02 -6.299237897637135930e+00 3.222390900428977147e+02 -6.297468607586216294e+00 3.518561234872095200e+16 3.518561234872097200e+16
3.239642435739575035e+02 -9.968241932897372592e+00 3.239644523128257561e+02 -9.967278648110770689e+00 3.518552259900572800e+16 3.518552259900572800e+16
3.234070433649614529e+02 -8.403280645656137082e+00 3.234049644488251261e+02 -8.401898005016915860e+00 3.518555840158676400e+16 3.518555840158679200e+16
3.235917375210368050e+02 -9.378318813139529198e+00 3.235918452100573859e+02 -9.379542423095371007e+00 3.518553451502506000e+16 3.518553451502506800e+16
3.234224232724086505e+02 -9.547308958163819526e+00 3.234233068099795219e+02 -9.549655240359124164e+00 3.518553451082740000e+16 3.518553451082740400e+16
3.239532724011498317e+02 -7.850743050754241281e+00 3.239530868153498773e+02 -7.852279007554900936e+00 3.518557636997999200e+16 3.518557636997999600e+16
3.205921695780355094e+02 -7.633333822253979939e+00 3.205934007289180840e+02 -7.634424294052860382e+00 3.518557631126384400e+16 3.518557631126384800e+16
3.207086443591346665e+02 -7.096921065285381580e+00 3.207070480828286350e+02 -7.097070409042832928e+00 3.518559430482387600e+16 3.518559430482388000e+16
3.206374393423953393e+02 -8.398009093896389388e+00 3.206347528580505468e+02 -8.397592550830852431e+00 3.518555835544864000e+16 3.518555835544867600e+16
3.207648362423313415e+02 -7.090559732313407082e+00 3.207669872615243207e+02 -7.089667927413340287e+00 3.518559430901766000e+16 3.518559430901768000e+16
3.207827720894900949e+02 -7.102643353757914113e+00 3.207816761747364467e+02 -7.100980134419094369e+00 3.518559430901766000e+16 3.518559430901766400e+16
3.203724165718400627e+02 -9.831775935054388071e+00 3.203728366708504041e+02 -9.829544376791963245e+00 3.518552849619423200e+16 3.518552849619424000e+16
3.202243949409659649e+02 -5.898005185499735070e+00 3.202221489257368034e+02 -5.896898461660100565e+00 3.518561832980174000e+16 3.518561832980184000e+16
3.207984358428559517e+02 -6.256371799266791101e+00 3.207966512908657819e+02 -6.255963642179587225e+00 3.518561232774970000e+16 3.518561232774970400e+16
3.208148934027582300e+02 -7.172640941753061661e+00 3.208170113432896642e+02 -7.172772000854892305e+00 3.518558831116763200e+16 3.518558831116763200e+16
3.208724686787323890e+02 -5.737613186910567542e+00 3.208716841980406116e+02 -5.739120096459267906e+00 3.518562435701461600e+16 3.518562435701461600e+16
3.202075663762060458e+02 -9.089839575452730358e+00 3.202073094529258697e+02 -9.091423792785946034e+00 3.518554639328944400e+16 3.518554639328944400e+16
3.207627946724684307e+02 -8.680725238130088783e+00 3.207618131563635302e+02 -8.678633929947906722e+00 3.518555237437053600e+16 3.518555237437058000e+16
3.259218987601200297e+02 -9.694247667783201905e+00 3.259237718961464907e+02 -9.692221639118878684e+00 3.518552858847200000e+16 3.518552858847203200e+16
3.259237718961464907e+02 -9.692221639118878684e+00 3.259244649291330234e+02 -9.690257491965999392e+00 3.518552858847203200e+16 3.518552858847203200e+16
3.251601429750402872e+02 -8.869304814094432388e+00 3.251579759687568298e+02 -8.868631548137708265e+00 3.518555244986384800e+16 3.518555244986387200e+16
3.251805932281020546e+02 -9.233405208653858054e+00 3.251813157849020968e+02 -9.232296398550936090e+00 3.518554050448889600e+16 3.518554050448889600e+16
3.211277872451871076e+02 -7.916274933627126309e+00 3.211303141509628745e+02 -7.916998404610450457e+00 3.518557033018640400e+16 3.518557033018640800e+16
3.219310497568130245e+02 -6.266935957132885093e+00 3.219313476211688680e+02 -6.265352518340917776e+00 3.518561234452722400e+16 3.518561234452722800e+16
3.212663287445272999e+02 -9.192447316933858303e+00 3.212671434218643185e+02 -9.190210442870085927e+00 3.518554044157466400e+16 3.518554044157466400e+16
3.219014138870145416e+02 -8.758750175667557869e+00 3.219038038070382868e+02 -8.757683717821411307e+00 3.518555239534023600e+16 3.518555239534024800e+16
3.217713414886196688e+02 -9.455737911830283338e+00 3.217724542118481281e+02 -9.453767390911206547e+00 3.518553448146884400e+16 3.518553448566344400e+16
3.210679096230629739e+02 -7.689617404123856303e+00 3.210668727483698035e+02 -7.691630703658847601e+00 3.518557631965175200e+16 3.518557631965175200e+16
3.214984508480079626e+02 -8.068103077478216534e+00 3.214978503139203667e+02 -8.070782338157536984e+00 3.518557033857144000e+16 3.518557033857144400e+16
3.211083687828809161e+02 -5.445468514296252671e+00 3.211074951773833277e+02 -5.446485796429070270e+00 3.518563037584191600e+16 3.518563037584191600e+16
3.268818655213701732e+02 -1.285486796860002912e+01 3.268803205886006822e+02 -1.285507303831960968e+01 3.518545742371261600e+16 3.518545742371261600e+16
3.264753726873673827e+02 -1.362529561435444592e+01 3.264765446705320642e+02 -1.362410625072133641e+01 3.518543386431204800e+16 3.518543974472092800e+16
3.269959002063073967e+02 -1.367707979485920156e+01 3.269955748329004450e+02 -1.367727031825739914e+01 3.518543387269974000e+16 3.518543387269974400e+16
3.266332849263907292e+02 -1.388144219775432653e+01 3.266323140381571193e+02 -1.388252942793282330e+01 3.518542799648097600e+16 3.518542799648098000e+16
3.263697992797018514e+02 -1.341069481224895732e+01 3.263718506797694658e+02 -1.340961402410162151e+01 3.518543974472551600e+16 3.518543974472552000e+16
3.266618078408137080e+02 -1.360776147894887167e+01 3.266628049315864359e+02 -1.360827770235277789e+01 3.518543974891562800e+16 3.518543974891563200e+16
3.266046059501230729e+02 -1.105550687408328336e+01 3.266023947613418272e+02 -1.105643041667914694e+01 3.518549885504869200e+16 3.518549885504869200e+16
3.263300261986776150e+02 -1.082580253221355093e+01 3.263309280827067482e+02 -1.082582970362351737e+01 3.518550478998829600e+16 3.518550478998832000e+16
3.265483838340990133e+02 -1.202240141962636777e+01 3.265485118626330632e+02 -1.202008188727004878e+01 3.518547514045440000e+16 3.518547514045440400e+16
3.267370528787153035e+02 -1.092362535641004762e+01 3.267382001302835306e+02 -1.092157978866514867e+01 3.518549885924562400e+16 3.518549885924567200e+16
3.260958542756931138e+02 -1.259054185400366954e+01 3.260979821159598373e+02 -1.259082026838937374e+01 3.518546331671006400e+16 3.518546331671006400e+16
3.222512742903597882e+02 -1.248932450604591260e+01 3.222498108800912746e+02 -1.249035213146030365e+01 3.518546325379834400e+16 3.518546325379834400e+16
3.228632172111941827e+02 -1.051711522304562152e+01 3.228625947180746607e+02 -1.051831700184973251e+01 3.518551067879248000e+16 3.518551067879248000e+16
3.221567327334875586e+02 -1.287089488196891551e+01 3.221556250682082236e+02 -1.287203307107192884e+01 3.518545734821488800e+16 3.518545734821489600e+16
3.279187216480639222e+02 -1.117900817347055309e+01 3.279187810422362190e+02 -1.117766325607885669e+01 3.518549293688824000e+16 3.518549293688824400e+16
3.278537656462904692e+02 -1.408605114369969868e+01 3.278544590873844413e+02 -1.408662016688818142e+01 3.518542801744768400e+16 3.518542801744768800e+16
3.272325321957998767e+02 -1.198951968019339986e+01 3.272307943678254105e+02 -1.199031439496829421e+01 3.518547515303785600e+16 3.518547515303785600e+16
3.271532544700938274e+02 -1.472927272388666253e+01 3.271521040885095317e+02 -1.473100646240792599e+01 3.518541042234412000e+16 3.518541042234412000e+16
3.269327679230529498e+02 -1.332672436935304638e+01 3.269341354711210670e+02 -1.332604869700749006e+01 3.518544564191351200e+16 3.518544564191351200e+16
3.275778691024622162e+02 -1.496357962849215362e+01 3.275787691924613796e+02 -1.496213627613029828e+01 3.518540458387223200e+16 3.518540458387223200e+16
3.230412133978840643e+02 -1.259429700511911143e+01 3.230407958845008238e+02 -1.259403254576187514e+01 3.518546326637841200e+16 3.518546326637841600e+16
3.233934758572145256e+02 -1.314487962866899373e+01 3.233950810795256530e+02 -1.314710412974012677e+01 3.518544558319662800e+16 3.518544558319663200e+16
3.232837459390486288e+02 -1.460965077681589364e+01 3.232844634147943452e+02 -1.461118533184670198e+01 3.518541621467576000e+16 3.518541621467577200e+16
3.235434579896281662e+02 -1.238530671407788297e+01 3.235456683770038353e+02 -1.238394589241754318e+01 3.518546327477088000e+16 3.518546327477089200e+16
3.234451451530643453e+02 -1.101976040100563026e+01 3.234460893749130719e+02 -1.101860512789097868e+01 3.518549880471784000e+16 3.518549880471784000e+16
3.237064700682038279e+02 -1.014234294177307305e+01 3.237060468385781746e+02 -1.014113009133544452e+01 3.518551664309624000e+16 3.518551664309624000e+16
3.231689320634552587e+02 -1.224529721065676746e+01 3.231715637935421910e+02 -1.224602356867282005e+01 3.518546917196058000e+16 3.518546917196058400e+16
3.231689320634552587e+02 -1.224529721065676746e+01 3.231672085399049479e+02 -1.224349283191394910e+01 3.518546917196058000e+16 3.518546917196061200e+16
3.284286593237061425e+02 -1.387058322699869173e+01 3.284284713323581286e+02 -1.386826748176374835e+01 3.518543389786122000e+16 3.518543389786122400e+16
3.287391244050481873e+02 -1.407277859440662127e+01 3.287383423489851566e+02 -1.407079823125317475e+01 3.518542803003069600e+16 3.518542803003074800e+16
3.287510266160290371e+02 -1.402114220862014626e+01 3.287503501573731342e+02 -1.402213514402291494e+01 3.518542803003148800e+16 3.518542803003149200e+16
3.284096470950402136e+02 -1.260980653977231469e+01 3.284089601434565679e+02 -1.260945006638716137e+01 3.518546335445845600e+16 3.518546335445845600e+16
3.289143037341550553e+02 -1.305940677785731552e+01 3.289134964058635546e+02 -1.306161082370064541e+01 3.518545156007658800e+16 3.518545156007659200e+16
3.290393002055899387e+02 -1.323700099846982603e+01 3.290389597879795929e+02 -1.323558197936309533e+01 3.518544567546930800e+16 3.518544567546931200e+16
3.296521320992660549e+02 -1.439527325982540518e+01 3.296510693709026896e+02 -1.439538411549304620e+01 3.518541631953622400e+16 3.518541631953622400e+16
3.292868525438987604e+02 -1.419622032059817229e+01 3.292887626888567638e+02 -1.419445695636296101e+01 3.518542217478410400e+16 3.518542217478412800e+16
3.291873333673797788e+02 -1.416547782735566763e+01 3.291864649771439986e+02 -1.416416764670787920e+01 3.518542217478451200e+16 3.518542217478451200e+16
3.291442025479162226e+02 -1.414613312015097790e+01 3.291449426558705227e+02 -1.414783455308409010e+01 3.518542217478487200e+16 3.518542217478488000e+16
3.293358847527576927e+02 -1.413803820282291923e+01 3.293363520929984247e+02 -1.413866000985868965e+01 3.518542217478501600e+16 3.518542217478501600e+16
3.292177877974552871e+02 -1.227081244862296749e+01 3.292161472869608474e+02 -1.227015568475265184e+01 3.518546927262362400e+16 3.518546927262363200e+16
3.295084173676365822e+02 -1.265533658631271585e+01 3.295076482081670974e+02 -1.265767715766676460e+01 3.518545746565954400e+16 3.518545746565954400e+16
3.243693212260146765e+02 -1.395454203122513270e+01 3.243697941750138511e+02 -1.395689483571288747e+01 3.518542795872967200e+16 3.518542795872967600e+16
3.244107734674311132e+02 -1.137609560313283374e+01 3.244121435232556223e+02 -1.137821804876873699e+01 3.518548695161757600e+16 3.518548695161772400e+16
3.242867091676853875e+02 -1.386179086817902295e+01 3.242884187565055072e+02 -1.385963375265292541e+01 3.518543383075260800e+16 3.518543383075265600e+16
3.247177375574944449e+02 -1.414621111305820733e+01 3.247202533649229395e+02 -1.414661485723704004e+01 3.518542209928868800e+16 3.518542209928869600e+16
3.245462872533483392e+02 -1.412665378426810037e+01 3.245454775680093462e+02 -1.412858459460286298e+01 3.518542209928902000e+16 3.518542209928902400e+16
3.247037864977378945e+02 -1.101478056896728397e+01 3.247049731864465230e+02 -1.101272179106893034e+01 3.518549882568936400e+16 3.518549882568940400e+16
3.240382005877027609e+02 -1.366346555261773332e+01 3.240381834569724333e+02 -1.366530222649587678e+01 3.518543382656191200e+16 3.518543382656191200e+16
3.248221045794285828e+02 -1.232757836379853700e+01 3.248233762807196854e+02 -1.232747411056550924e+01 3.518546920131897200e+16 3.518546920131897200e+16
3.246505394244371132e+02 -1.030106495474480610e+01 3.246518563420967780e+02 -1.030119089663724452e+01 3.518551665567499200e+16 3.518551665567499200e+16
3.246426182492446628e+02 -1.332424220981832619e+01 3.246426898106166732e+02 -1.332617849443294844e+01 3.518544560416450000e+16 3.518544560416451200e+16
3.241953989811649990e+02 -1.464231600467993566e+01 3.241938378876920979e+02 -1.464334138243037842e+01 3.518541037620826800e+16 3.518541037620827200e+16
3.200027977647512216e+02 -1.061678397156744502e+01 3.200004630462915998e+02 -1.061568301097235079e+01 3.518551063265303200e+16 3.518551063265308000e+16
3.201165804336380347e+02 -1.076763992684918847e+01 3.201186652725515387e+02 -1.076701849346964757e+01 3.518550468932630800e+16 3.518550468932631200e+16
3.205524597172891390e+02 -1.142381019402440856e+01 3.205542004674958321e+02 -1.142497635261908506e+01 3.518548688870192800e+16 3.518548688870192800e+16
3.202613626763964021e+02 -1.328433426305255516e+01 3.202612670194446309e+02 -1.328335663186265592e+01 3.518544553286208400e+16 3.518544553286208800e+16
3.210860089237833108e+02 -1.102556462502365697e+01 3.210880105101288109e+02 -1.102409288736092030e+01 3.518549876277448000e+16 3.518549876277450400e+16
3.201608562580540820e+02 -1.363014587365582564e+01 3.201617452557351271e+02 -1.362996607038713037e+01 3.518543376364631200e+16 3.518543376364631200e+16
3.201975114202432451e+02 -1.176869980391890813e+01 3.201955126814318078e+02 -1.176770290468456537e+01 3.518548095795461200e+16 3.518548095795461600e+16
3.208325940617427818e+02 -1.204301010793696314e+01 3.208332856297200237e+02 -1.204219141840686547e+01 3.518547504817948000e+16 3.518547504817948000e+16
3.253795226908728182e+02 -1.066395071738470968e+01 3.253810425879649415e+02 -1.066306761180968721e+01 3.518550477321463600e+16 3.518550477321463600e+16
3.254221165362984607e+02 -1.496167203487087782e+01 3.254232152694988827e+02 -1.496116534428035649e+01 3.518540455031795600e+16 3.518540455031796000e+16
3.249497139479631755e+02 -1.072867796169363608e+01 3.249481064130417849e+02 -1.072930518794222721e+01 3.518550476901910000e+16 3.518550476901910000e+16
3.255466079603297658e+02 -1.015953817958130223e+01 3.255446961893600246e+02 -1.016025852854099654e+01 3.518551667245577600e+16 3.518551667245577600e+16
3.250142347743492337e+02 -1.294676628728093171e+01 3.250132384150181792e+02 -1.294911746807612118e+01 3.518545149716426800e+16 3.518545149716426800e+16
3.254017220240323809e+02 -1.378728296334729642e+01 3.254026941437076630e+02 -1.378842969122828066e+01 3.518543384753146800e+16 3.518543384753146800e+16
3.253055698071343613e+02 -1.403949218934684495e+01 3.253065058934343483e+02 -1.403943531158035540e+01 3.518542797550668800e+16 3.518542797550669200e+16
3.254919289397760735e+02 -1.433233365495521916e+01 3.254899539256308572e+02 -1.433316146195870111e+01 3.518542211186788000e+16 3.518542211186790400e+16
3.256739498677583242e+02 -1.451091976552583596e+01 3.256766198818953626e+02 -1.451104233653732756e+01 3.518541625242627600e+16 3.518541625242627600e+16
3.253108900885757180e+02 -1.039087890576344542e+01 3.253119919403106906e+02 -1.039019111587108846e+01 3.518551072073864000e+16 3.518551072073864000e+16
3.256175858962938605e+02 -1.120023978340911164e+01 3.256159698749555673e+02 -1.119821263608136697e+01 3.518549289913895200e+16 3.518549289913895200e+16
3.257193916742673423e+02 -1.304933920205510134e+01 3.257185422425017123e+02 -1.304809958124297609e+01 3.518545150974537600e+16 3.518545150974537600e+16
3.220205391836275908e+02 -1.107996690414789498e+01 3.220220693979556472e+02 -1.108023993918839700e+01 3.518549877955066800e+16 3.518549877955067200e+16
3.218259366110215183e+02 -1.309483758640771001e+01 3.218256703865143891e+02 -1.309267800679627669e+01 3.518545144682976400e+16 3.518545144682982400e+16
3.212480966395394262e+02 -1.342717869134086506e+01 3.212481749493753682e+02 -1.342648402022394372e+01 3.518543966083838400e+16 3.518543966083838400e+16
3.216874594671721184e+02 -1.174933125095806474e+01 3.216892282036029087e+02 -1.175029983960884294e+01 3.518548098312067200e+16 3.518548098312067200e+16
3.216408435626008213e+02 -1.157217585683839189e+01 3.216430581027682933e+02 -1.157104445117110636e+01 3.518548690547636400e+16 3.518548690547636400e+16
3.213585611401338724e+02 -1.162927354961148652e+01 3.213577792543270562e+02 -1.162704682813381574e+01 3.518548097892894000e+16 3.518548097892901200e+16
3.098549367865319368e+02 -4.789992893218955494e+00 3.098541329520764975e+02 -4.787503363167610715e+00 3.518564825196417600e+16 3.518564825196417600e+16
3.150052676393936508e+02 -3.909785231556394791e+01 3.150032260346300745e+02 -3.909861004122203809e+01 3.518489012312530800e+16 3.518489012312531200e+16
3.150554532560744860e+02 -3.894595381967340586e+01 3.150539999994099958e+02 -3.894689730649404424e+01 3.518489012312816400e+16 3.518489012312816800e+16
3.152050247056446892e+02 -3.915897627406303627e+01 3.152068155325255248e+02 -3.915829443900826590e+01 3.518488542131367600e+16 3.518488542131368000e+16
3.157356137839762482e+02 -3.942379164583351070e+01 3.157368999676363615e+02 -3.942219310507093155e+01 3.518488074466414400e+16 3.518488074466416800e+16
3.143669159543024989e+02 -7.810022846462692847e+00 3.143676135221988943e+02 -7.812589115274348295e+00 3.518557620640351600e+16 3.518557620640352000e+16
3.147983020191549031e+02 -9.477531956438619787e+00 3.147991948543737522e+02 -9.477153400135128081e+00 3.518553436822319600e+16 3.518553436822320000e+16
3.144769009191813325e+02 -5.420656112131681859e+00 3.144750783099223668e+02 -5.419446046251132465e+00 3.518563026259760000e+16 3.518563026259776800e+16
3.141375695516909445e+02 -9.705312641641572924e+00 3.141379537573431548e+02 -9.703877028630497392e+00 3.518552839553640000e+16 3.518552839553640400e+16
3.140817124641264968e+02 -6.058343253929612260e+00 3.140840013069602037e+02 -6.056814533362165243e+00 3.518561822913522000e+16 3.518561822913522400e+16
3.148824030891639723e+02 -6.093691494668352249e+00 3.148839872428855529e+02 -6.092291549793355188e+00 3.518561824171716000e+16 3.518561824171716400e+16
3.142903775698859477e+02 -5.022519874201524459e+00 3.142909039214469544e+02 -5.024647273667952163e+00 3.518564230444118400e+16 3.518564230444118400e+16
3.148767070885687644e+02 -9.043585898628018427e+00 3.148751872964305676e+02 -9.045157826592429728e+00 3.518554630521038400e+16 3.518554630521039200e+16
3.106342353113453782e+02 -7.466496112469276802e+00 3.106332641848450180e+02 -7.468447581646443290e+00 3.518558214134626400e+16 3.518558214134627200e+16
3.107622567857980016e+02 -6.252912602911687934e+00 3.107610126550623590e+02 -6.254309142342500571e+00 3.518561215997909200e+16 3.518561215997909600e+16
3.105516351051786614e+02 -8.302615140376817138e+00 3.105512054775294359e+02 -8.304261602329626513e+00 3.518556416875124000e+16 3.518556416875124800e+16
3.105516351051786614e+02 -8.302615140376817138e+00 3.105530577432018617e+02 -8.304419572919403691e+00 3.518556416875124000e+16 3.518556416875124800e+16
3.105512054775294359e+02 -8.304261602329626513e+00 3.105530577432018617e+02 -8.304419572919403691e+00 3.518556416875124800e+16 3.518556416875124800e+16
3.106236038305777356e+02 -8.283765653695082776e+00 3.106241606033831317e+02 -8.284499328055897394e+00 3.518556416875193600e+16 3.518556416875193600e+16
3.105639995327300085e+02 -8.245089596348192273e+00 3.105617004528934331e+02 -8.246195304376437107e+00 3.518556416875209200e+16 3.518556416875211200e+16
3.106050580586751835e+02 -8.256499323481119035e+00 3.106031314413759219e+02 -8.258324069029844949e+00 3.518556416875209600e+16 3.518556416875229600e+16
3.105634332317604844e+02 -8.278511340842388933e+00 3.105615549797716426e+02 -8.278812422268877924e+00 3.518556416875234800e+16 3.518556416875235200e+16
3.105416112567445452e+02 -8.268848155050314119e+00 3.105390697171224588e+02 -8.268445126161392267e+00 3.518556416875250400e+16 3.518556416875250800e+16
3.106089720072030218e+02 -8.269632204693843747e+00 3.106084583609509195e+02 -8.270793081506223388e+00 3.518556416875258800e+16 3.518556416875258800e+16
3.105577654317418137e+02 -8.265327823315063327e+00 3.105590537221249861e+02 -8.263530671481474243e+00 3.518556416875269600e+16 3.518556416875270000e+16
3.105219526430915380e+02 -8.249386340862260525e+00 3.105221531888638538e+02 -8.251811626077738993e+00 3.518556416875299200e+16 3.518556416875299200e+16
3.105800199964251647e+02 -8.226633540713349291e+00 3.105808007240501638e+02 -8.227704144281526411e+00 3.518556416875368000e+16 3.518556416875368000e+16
3.105769958348877822e+02 -8.195511719488949964e+00 3.105765564693594456e+02 -8.193787623446333157e+00 3.518556416875453600e+16 3.518556416875454000e+16
3.105521135501697358e+02 -6.753638543897498181e+00 3.105507651127168174e+02 -6.754787798399708443e+00 3.518560014329789600e+16 3.518560014329790800e+16
3.108409473764698419e+02 -9.357776485643114484e+00 3.108410192164253090e+02 -9.358215693910464594e+00 3.518554026541104000e+16 3.518554026541104000e+16
3.107835468078526446e+02 -9.316214456671888300e+00 3.107844391708119360e+02 -9.317520944992441656e+00 3.518554026541229600e+16 3.518554026541230000e+16
3.106965649335746775e+02 -9.062367867347047579e+00 3.106954873895467699e+02 -9.063731383674710429e+00 3.518554623390708000e+16 3.518554623390708000e+16
3.104420821833421655e+02 -6.902833897594204515e+00 3.104427974566840476e+02 -6.904301813201772831e+00 3.518559413705741600e+16 3.518559413705741600e+16
3.101309534813115647e+02 -5.335931539969590354e+00 3.101312750141154879e+02 -5.334488293842915674e+00 3.518563621431023200e+16 3.518563621431023600e+16
3.104494094454392439e+02 -5.597223636700822347e+00 3.104502328348703486e+02 -5.598278214716097878e+00 3.518563019548284400e+16 3.518563019548288400e+16
3.104644011650174775e+02 -5.589199251816201475e+00 3.104655063400348354e+02 -5.591643151893700647e+00 3.518563019548380400e+16 3.518563019548380400e+16
3.104756379836489941e+02 -5.551210553766257938e+00 3.104740300204707637e+02 -5.551598729967758494e+00 3.518563019548519600e+16 3.518563019548520000e+16
3.102647447642989960e+02 -6.643972654388472954e+00 3.102653201211465444e+02 -6.643547254652202305e+00 3.518560013910700400e+16 3.518560013910700400e+16
3.103070993210537836e+02 -8.148300435010433773e+00 3.103061116556895627e+02 -8.149682412052825953e+00 3.518556416456167200e+16 3.518556416456167200e+16
3.110435656841916057e+02 -5.362279942052041726e+00 3.110426946137582149e+02 -5.360338217319548626e+00 3.518563622689228400e+16 3.518563622689236000e+16
3.108071792480076283e+02 -6.062775486518656720e+00 3.108048077907507718e+02 -6.062061350848454211e+00 3.518561817460940000e+16 3.518561817460940000e+16
3.103422345667234481e+02 -5.791116252035738654e+00 3.103446030124867434e+02 -5.792083247288086767e+00 3.518562418085314800e+16 3.518562418085315200e+16
3.104970921330291844e+02 -5.668822504031932219e+00 3.104972196061545446e+02 -5.666548597190275594e+00 3.518562418085684000e+16 3.518562418085684000e+16
3.104439496712551545e+02 -5.660599371138562041e+00 3.104444989225605127e+02 -5.658614108023341416e+00 3.518562418085720800e+16 3.518562418085721200e+16
3.105104526057189673e+02 -5.641992437555780171e+00 3.105127473874345014e+02 -5.643319961843038968e+00 3.518562418085798000e+16 3.518562418085798000e+16
3.157969536400941593e+02 -5.263329401813281017e+00 3.157956262740863167e+02 -5.262162129806921662e+00 3.518563630658645200e+16 3.518563630658645600e+16
3.152840006547189091e+02 -8.880504740080018777e+00 3.152824953338189289e+02 -8.878637052939652108e+00 3.518554631360262800e+16 3.518554631360263600e+16
3.153913177304784767e+02 -7.446996830325993244e+00 3.153911181975752243e+02 -7.445915342026485639e+00 3.518558222103769200e+16 3.518558222103769600e+16
3.151057182119975550e+02 -5.754946351304494279e+00 3.151044034753787741e+02 -5.752961979284609839e+00 3.518562426054581200e+16 3.518562426054582400e+16
3.155658017213418702e+02 -6.522741814255958559e+00 3.155635856291210644e+02 -6.523200750404789972e+00 3.518560623342630000e+16 3.518560623342630800e+16
3.154592368022055666e+02 -9.544721783316509445e+00 3.154609988949429180e+02 -9.542593775205530093e+00 3.518553438080423600e+16 3.518553438080425600e+16
3.154649669890955010e+02 -6.788873174763419449e+00 3.154639379467035951e+02 -6.790492169988540105e+00 3.518560022298833200e+16 3.518560022298833600e+16
3.154011107421470683e+02 -5.297033374072115386e+00 3.154001508925687745e+02 -5.295419869208423336e+00 3.518563630239102000e+16 3.518563630239103200e+16
3.158707851028927394e+02 -8.846946235653955881e+00 3.158706018023094657e+02 -8.847136891398212910e+00 3.518555229467507600e+16 3.518555229467508000e+16
3.158715504750030618e+02 -5.653912614486568344e+00 3.158705271494631006e+02 -5.653883092382363529e+00 3.518562427313089600e+16 3.518562427313090000e+16
3.151603696456498938e+02 -9.475950794934727028e+00 3.151612446211075849e+02 -9.475025637697852332e+00 3.518553437241711600e+16 3.518553437241711600e+16
3.119630854159885303e+02 -5.202119234637472722e+00 3.119643591905188487e+02 -5.200792296654622504e+00 3.518563624367401600e+16 3.518563624367401600e+16
3.118908852748328400e+02 -8.191043988520819497e+00 3.118890382070173359e+02 -8.191012004054087470e+00 3.518556418972574800e+16 3.518556418972575200e+16
3.109895547696002609e+02 -6.661142399186364749e+00 3.109895611778601960e+02 -6.659311236243748766e+00 3.518560015168958400e+16 3.518560015168958400e+16
3.111261058781819315e+02 -6.148824685894889619e+00 3.111246032507012842e+02 -6.148641368898260851e+00 3.518561216417636800e+16 3.518561216417636800e+16
3.112448976387304924e+02 -5.704535798761777521e+00 3.112452965334297232e+02 -5.706381559805634218e+00 3.518562419343860400e+16 3.518562419343860400e+16
3.119880229152627180e+02 -9.732549001945550060e+00 3.119879327622618348e+02 -9.735194852837203427e+00 3.518552835778432800e+16 3.518552835778567600e+16
3.160445726576069774e+02 -9.418924966393461773e+00 3.160426661304384197e+02 -9.419750150402769862e+00 3.518553438919608400e+16 3.518553438919609600e+16
3.159192211682533298e+02 -5.017949012379741447e+00 3.159171187762225372e+02 -5.016720178279514109e+00 3.518564233380096000e+16 3.518564233380096400e+16
3.163779323041741236e+02 -8.369714532654349171e+00 3.163796107686716823e+02 -8.367798466744934771e+00 3.518556426521825200e+16 3.518556426521825600e+16
3.162922439760711200e+02 -6.914885547861592485e+00 3.162899415635125138e+02 -6.916332496241519578e+00 3.518559423352522800e+16 3.518559423352523200e+16
3.166047640750416008e+02 -5.682731818816091796e+00 3.166064281395503599e+02 -5.683287239835324023e+00 3.518562428571293600e+16 3.518562428571293600e+16
3.168502649370864219e+02 -6.807915836135483900e+00 3.168504578189568974e+02 -6.806424805524051713e+00 3.518560024815330000e+16 3.518560024815330000e+16
3.159924443058932866e+02 -7.659475187859563938e+00 3.159913223367975093e+02 -7.657206525781928619e+00 3.518557623576740800e+16 3.518557623576748800e+16
3.160576918267552173e+02 -6.149756625296454615e+00 3.160570283730354504e+02 -6.148834908678437294e+00 3.518561224806101600e+16 3.518561224806102000e+16
3.159305136158550340e+02 -9.907779302498772367e+00 3.159319653756584785e+02 -9.907390778897090300e+00 3.518552246898374800e+16 3.518552246898406000e+16
3.124687317464693024e+02 -5.168644563260307301e+00 3.124709024746252339e+02 -5.167381670924652504e+00 3.518563625206392800e+16 3.518563625206424000e+16
3.126111846568522310e+02 -5.170118289693726332e+00 3.126121822430890802e+02 -5.170266616657329450e+00 3.518563625206450800e+16 3.518563625206451200e+16
3.124304141170044886e+02 -5.157735936421289580e+00 3.124302120560223557e+02 -5.159947637890216932e+00 3.518563625206464400e+16 3.518563625206466000e+16
3.124256635417924031e+02 -5.158158641431920266e+00 3.124274654875746933e+02 -5.158561021077291642e+00 3.518563625206479600e+16 3.518563625206479600e+16
3.125542476508923073e+02 -5.125833494714478356e+00 3.125532127470077626e+02 -5.124952898557730840e+00 3.518563625206547200e+16 3.518564227507845200e+16
3.128074921638918795e+02 -8.824726763109215000e+00 3.128082085517705764e+02 -8.822149275972190452e+00 3.518555224434408000e+16 3.518555224434419200e+16
3.124311318896207013e+02 -9.399950563963972883e+00 3.124337513377637379e+02 -9.399873188362294130e+00 3.518553433047680800e+16 3.518553433047681600e+16
3.127637809776385893e+02 -5.948634192694196798e+00 3.127634447394904100e+02 -5.948993270832067637e+00 3.518561820397211600e+16 3.518561820397212000e+16
3.121355722945950788e+02 -9.764055911982509883e+00 3.121341125507977949e+02 -9.763185243480290154e+00 3.518552836197876000e+16 3.518552836197876000e+16
3.121761237029359108e+02 -9.683156473831846967e+00 3.121762453152886678e+02 -9.685475619993102470e+00 3.518552836198092000e+16 3.518552836198092800e+16
3.128385907210617347e+02 -9.903327841018857214e+00 3.128409962988540087e+02 -9.901957980156133488e+00 3.518552241445930400e+16 3.518552241445930400e+16
3.171076034990225025e+02 -8.280842582762266701e+00 3.171084491934417429e+02 -8.279609332615249784e+00 3.518556427780312800e+16 3.518556427780312800e+16
3.172017964304504289e+02 -5.509028972727253226e+00 3.172042574724231372e+02 -5.508528798362533507e+00 3.518563030873142400e+16 3.518563030873144800e+16
3.173803737370755016e+02 -5.081150538705099251e+00 3.173801712445407475e+02 -5.079590318148278882e+00 3.518564235477027200e+16 3.518564235477032000e+16
3.173277363174523771e+02 -5.033087294962262703e+00 3.173263029024988668e+02 -5.034302483491265967e+00 3.518564235477219600e+16 3.518564235477219600e+16
3.172225141858594384e+02 -6.405583655053391112e+00 3.172213646122874593e+02 -6.406540008517754181e+00 3.518560625859445600e+16 3.518560625859446000e+16
3.170557436998340677e+02 -9.176517872272970777e+00 3.170544681396941087e+02 -9.174823280922659308e+00 3.518554037027290000e+16 3.518554037027290400e+16
3.171675345474489518e+02 -6.849627317963948414e+00 3.171667576579750971e+02 -6.847231896400319151e+00 3.518560025234693600e+16 3.518560025234698000e+16
3.173058551300079557e+02 -6.813615332335269059e+00 3.173038603510083817e+02 -6.812005406904515503e+00 3.518560025654186800e+16 3.518560025654190400e+16
3.183588015194803802e+02 -7.523361997726084383e+00 3.183566959909759930e+02 -7.522067099514059052e+00 3.518558227136743600e+16 3.518558227136744000e+16
3.183910105326676216e+02 -5.740135369303787094e+00 3.183925662592490653e+02 -5.741871707969699479e+00 3.518562431507140000e+16 3.518562431507140000e+16
3.185266569629573041e+02 -5.672519682011540887e+00 3.185273091333552316e+02 -5.671090917698172085e+00 3.518562431507259600e+16 3.518562431507259600e+16
3.180496475802153782e+02 -6.138312984497240166e+00 3.180511263238062725e+02 -6.137764944772842846e+00 3.518561228161624800e+16 3.518561228161624800e+16
3.185470341861346242e+02 -6.733041389117994768e+00 3.185481143545434861e+02 -6.732374772582109479e+00 3.518560027751617200e+16 3.518560027751617200e+16
3.183263403668892124e+02 -9.415819598819229697e+00 3.183243759310262249e+02 -9.415780320552284977e+00 3.518553442694407200e+16 3.518553442694407200e+16
3.190002732947791060e+02 -8.835299560564433108e+00 3.190026495045991055e+02 -8.835934366331644085e+00 3.518555234500714400e+16 3.518555234500714400e+16
3.183487117839197253e+02 -6.378829668038306977e+00 3.183494723973130363e+02 -6.380392698878900148e+00 3.518560627956766800e+16 3.518560627956766800e+16
3.180873614708672790e+02 -5.406724051914872931e+00 3.180879354300864748e+02 -5.408554144027306165e+00 3.518563032551052400e+16 3.518563032551052400e+16
3.199197382264493399e+02 -7.904393990518046031e+00 3.199190099653163202e+02 -7.903053455343802547e+00 3.518557031340911600e+16 3.518557031340911600e+16
3.193268781207914344e+02 -5.556861308202021732e+00 3.193250915543809469e+02 -5.557477922771922429e+00 3.518563034228497200e+16 3.518563034228497600e+16
3.190719389577461698e+02 -6.506904446888873039e+00 3.190699387099566593e+02 -6.507779825498445803e+00 3.518560629214698800e+16 3.518560629214698800e+16
3.193858511330674901e+02 -5.156725112023374358e+00 3.193868493249510152e+02 -5.157747548360549494e+00 3.518563636530901600e+16 3.518563636530902800e+16
3.198884604388046569e+02 -7.192581504943950321e+00 3.198882666052805916e+02 -7.191093489823682461e+00 3.518558829438941600e+16 3.518558829438941600e+16
3.198000641093585159e+02 -9.637777025820764010e+00 3.197981228166430583e+02 -9.638114309617270337e+00 3.518552848781088000e+16 3.518552848781088400e+16
3.196789160069237141e+02 -6.607014289574737909e+00 3.196801755214270315e+02 -6.604999710724920980e+00 3.518560630053342800e+16 3.518560630053342800e+16
3.192272279664581447e+02 -7.707193497436776397e+00 3.192288266627141411e+02 -7.706566001020295431e+00 3.518557629029205200e+16 3.518557629029205600e+16
3.192050240836388753e+02 -7.680587344612900047e+00 3.192034576674695927e+02 -7.682628356266456571e+00 3.518557629029256400e+16 3.518557629029256800e+16
3.190600604536496121e+02 -6.234990442365273111e+00 3.190608800440765549e+02 -6.233072991612273128e+00 3.518561229839077600e+16 3.518561229839082000e+16
3.133427406279311640e+02 -7.585616518531335117e+00 3.133420459682388923e+02 -7.585706739559318734e+00 3.518558218748020800e+16 3.518558218748020800e+16
3.137842914457660868e+02 -8.203672735856754272e+00 3.137855391747011709e+02 -8.205502111782477570e+00 3.518556421908643200e+16 3.518556421908643600e+16
3.132782781340957854e+02 -6.356177387738306095e+00 3.132771943249118749e+02 -6.355983738455466714e+00 3.518561220191900400e+16 3.518561220191900800e+16
3.135294694689563357e+02 -7.811251309131727716e+00 3.135300923730673617e+02 -7.810096115374604686e+00 3.518557619382046400e+16 3.518557619382046800e+16
3.139804701628597741e+02 -5.489302116303899304e+00 3.139808928353824058e+02 -5.490150383717355531e+00 3.518563025420732400e+16 3.518563025420732800e+16
3.129918279419629812e+02 -6.348888461459733179e+00 3.129924405511070518e+02 -6.346820940076515427e+00 3.518561219772505200e+16 3.518561219772505200e+16
3.135621706931325434e+02 -9.922404011920223255e+00 3.135605690261327254e+02 -9.922418706100813779e+00 3.518552242704070000e+16 3.518552242704070000e+16
3.131439296211005967e+02 -5.186683300152848730e+00 3.131448877388534129e+02 -5.184464221933322570e+00 3.518563626464626400e+16 3.518563626464627600e+16
3.140945233596866615e+02 -5.257088428133269709e+00 3.140931336516562737e+02 -5.256549625392805680e+00 3.518563627722694000e+16 3.518563627722694000e+16
3.136199720184184230e+02 -8.818478264815869494e+00 3.136188613907210083e+02 -8.816716803267839353e+00 3.518555225692678800e+16 3.518555225692681600e+16
3.131353332265744598e+02 -9.187287775726145966e+00 3.131349798976644934e+02 -9.188563125171311796e+00 3.518554030316385200e+16 3.518554030316385600e+16
3.145961249915064286e+02 -4.024757911862891291e+01 3.145945481604869087e+02 -4.024633490143288128e+01 3.518486676924343200e+16 3.518486676924344000e+16
3.146347303054118925e+02 -4.021394961249147570e+01 3.146316973276798308e+02 -4.021264165555188441e+01 3.518486676924408800e+16 3.518486676924418400e+16
3.147948205471104188e+02 -4.019472242830862285e+01 3.147966595761480448e+02 -4.019252323301701324e+01 3.518486676924453600e+16 3.518486676924458400e+16
3.150018703374477127e+02 -4.051712552071079898e+01 3.150028115275003984e+02 -4.051642492013903762e+01 3.518486215131397200e+16 3.518486215131397600e+16
3.151924494164546218e+02 -4.071498653559308423e+01 3.151954771431139193e+02 -4.071363518414661797e+01 3.518485755016404400e+16 3.518485755016414400e+16
