3.381485326283993231e+02 3.269263059898465684e+01 3.381470758808663390e+02 3.269345129370154268e+01 3.518651282804054400e+16 3.518651282804055200e+16
3.389235948606736883e+02 3.271901543311628302e+01 3.389217464889424036e+02 3.272078765434630299e+01 3.518651283642995600e+16 3.518651283642998400e+16
3.384220966440244069e+02 3.071607512184390032e+01 3.384240110167559692e+02 3.071562642577089974e+01 3.518647170289040800e+16 3.518647170289040800e+16
3.381576762067665527e+02 3.336559450419923678e+01 3.381577431057453396e+02 3.336520519795717377e+01 3.518652296148204800e+16 3.518652296148204800e+16
3.380406971421543290e+02 3.088116751867930532e+01 3.380402418548796390e+02 3.088195329513126453e+01 3.518647688285420000e+16 3.518647688285420400e+16
3.381033731829605813e+02 3.084359056510714936e+01 3.381035493318268550e+02 3.084457973360666827e+01 3.518647169869854400e+16 3.518647169869856000e+16
3.346922546017302125e+02 3.122640268807262842e+01 3.346931401727208595e+02 3.122507606841653427e+01 3.518648201248930000e+16 3.518648201248930400e+16
3.345189699881476031e+02 3.299957076230732866e+01 3.345208765444446044e+02 3.300118689750216561e+01 3.518651785281768800e+16 3.518651785281771200e+16
3.346793290036643498e+02 3.069418947105939566e+01 3.346796747145191375e+02 3.069661390061206419e+01 3.518647164836318000e+16 3.518647164836319200e+16
3.342774648459706555e+02 3.152452426913193761e+01 3.342751697760900811e+02 3.152545958655253955e+01 3.518648716728992000e+16 3.518648716728992400e+16
3.343467365537895830e+02 3.123130805279830113e+01 3.343464902530791960e+02 3.123398296273752095e+01 3.518648200829516000e+16 3.518648200829520000e+16
3.351164742319996321e+02 3.150327858119089086e+01 3.351179583738079373e+02 3.150147284257461067e+01 3.518648717567786400e+16 3.518648717567786800e+16
3.344187738023228462e+02 3.064345945353267808e+01 3.344168564960805270e+02 3.064485403534773056e+01 3.518647164416860400e+16 3.518647164416861600e+16
3.348156069003933339e+02 3.189894350558446590e+01 3.348155308187778587e+02 3.190129651634750729e+01 3.518649746010987600e+16 3.518649746010991200e+16
3.342211872816611162e+02 3.097011534330334115e+01 3.342187624645987398e+02 3.096961774976415072e+01 3.518647682832967200e+16 3.518647682832967200e+16
3.391757093281052562e+02 3.133286442423478135e+01 3.391776109711212257e+02 3.133340598113657549e+01 3.518648207540637200e+16 3.518648207540637200e+16
3.397556772810934831e+02 3.295374525713922509e+01 3.397581799854795577e+02 3.295363465780569356e+01 3.518651792412026000e+16 3.518651792412026400e+16
3.399984035865582541e+02 3.269893809856689160e+01 3.399989041138547918e+02 3.269922129049360393e+01 3.518651285320658400e+16 3.518651285320658400e+16
3.395172619219915759e+02 3.281731556951759643e+01 3.395170964571051400e+02 3.281915955144864938e+01 3.518651284482084800e+16 3.518651284482085200e+16
3.390729462918120589e+02 3.149216605849930772e+01 3.390751884386502297e+02 3.149242027372496366e+01 3.518648723439880400e+16 3.518648723439880400e+16
3.393558660935697731e+02 3.240087839000591430e+01 3.393550080705657024e+02 3.240250688796839285e+01 3.518650775293185600e+16 3.518650775293185600e+16
3.398239165732128981e+02 3.070182612645405840e+01 3.398268321125705143e+02 3.070196204089286951e+01 3.518647172386176800e+16 3.518647172386179600e+16
3.398961640153399344e+02 3.027530789703474312e+01 3.398958663203720789e+02 3.027423755569742525e+01 3.518646130521225600e+16 3.518646130521226000e+16
3.356646528280705297e+02 3.155114958638689515e+01 3.356655091259766550e+02 3.155376237637188552e+01 3.518648718406814800e+16 3.518648718406815200e+16
3.356813770085432793e+02 3.015705233234599802e+01 3.356791547936749680e+02 3.015784713733825484e+01 3.518646124229511600e+16 3.518646124229511600e+16
3.359182855475827978e+02 3.033573960526297952e+01 3.359193558204768237e+02 3.033478283003655562e+01 3.518646124649378400e+16 3.518646124649379600e+16
3.360488565736693545e+02 3.122895325167486291e+01 3.360507275492159351e+02 3.123038484880088461e+01 3.518648202926781600e+16 3.518648202926781600e+16
3.350965663508300167e+02 3.268031261644240004e+01 3.350993859984642995e+02 3.268052018405528258e+01 3.518651278609685600e+16 3.518651278609749200e+16
3.350993859984642995e+02 3.268052018405528258e+01 3.351022792120126610e+02 3.268090606750064353e+01 3.518651278609749200e+16 3.518651278609749600e+16
3.354682270450108490e+02 3.346464743877206871e+01 3.354665545540766516e+02 3.346255426157679835e+01 3.518652797367279200e+16 3.518652797367283600e+16
3.352856855021653359e+02 3.334934554701492004e+01 3.352851111309952898e+02 3.335179012170991797e+01 3.518652292373340000e+16 3.518652292373340000e+16
3.368387795316277789e+02 3.312839890739849125e+01 3.368397176311993348e+02 3.312995270291659722e+01 3.518652294470053200e+16 3.518652294470053600e+16
3.362727979285052697e+02 3.139968108119040480e+01 3.362744246436458297e+02 3.140031182448359104e+01 3.518648719245329600e+16 3.518648719245330400e+16
3.363061433863235834e+02 3.021330137472804722e+01 3.363060846684289231e+02 3.021165724746406056e+01 3.518646125068516400e+16 3.518646125068516400e+16
3.363344241910306778e+02 3.015004655416596790e+01 3.363329873965328716e+02 3.014939699451073096e+01 3.518646125487774800e+16 3.518646125487775200e+16
3.364468363640448842e+02 3.040047860217198306e+01 3.364489195462018643e+02 3.040199425626726892e+01 3.518646647259197200e+16 3.518646647259197600e+16
3.364010696730691166e+02 3.043649062513822656e+01 3.364002611504842548e+02 3.043893155164921538e+01 3.518646647259268800e+16 3.518646647259268800e+16
3.364169227835008655e+02 3.044113567462920855e+01 3.364154225833229930e+02 3.044068887893544328e+01 3.518646647259279200e+16 3.518646647259279200e+16
3.363964169998582747e+02 3.044483552385723257e+01 3.363979039206358834e+02 3.044380043531988278e+01 3.518646647259284000e+16 3.518646647259322000e+16
3.364107627712129442e+02 3.044730570673605996e+01 3.364099036591939580e+02 3.044578908298343123e+01 3.518646647259285600e+16 3.518646647259302400e+16
3.363631798770941828e+02 3.049432496683841265e+01 3.363652476318895879e+02 3.049578155255922596e+01 3.518646647259390800e+16 3.518646647259390800e+16
3.363632048254170854e+02 3.050256222680768659e+01 3.363655440617520185e+02 3.050102253059829494e+01 3.518646647259403600e+16 3.518646647259403600e+16
3.363393975749614810e+02 3.052544003313397880e+01 3.363380526651061473e+02 3.052568164216013002e+01 3.518646647259445200e+16 3.518646647259445600e+16
3.363740600600605148e+02 3.052550550619629988e+01 3.363748868825984459e+02 3.052574730228321087e+01 3.518646647259448400e+16 3.518646647259449200e+16
3.363842835890255856e+02 3.052595370802804808e+01 3.363844880081985593e+02 3.052810122449992747e+01 3.518646647259450400e+16 3.518646647259450400e+16
3.364288161908160646e+02 3.054618670762461363e+01 3.364279356699626646e+02 3.054466295569127254e+01 3.518646647259498000e+16 3.518646647259498400e+16
3.368492048883468897e+02 3.038499453903906655e+01 3.368497647278218210e+02 3.038308309168142074e+01 3.518646648098002400e+16 3.518646648098002800e+16
3.324521322327972257e+02 3.024812551732686572e+01 3.324527823596807821e+02 3.024995300862426717e+01 3.518646119616001200e+16 3.518646119616001600e+16
3.321239890819108496e+02 3.030804229053132204e+01 3.321244860202968425e+02 3.030656508890055889e+01 3.518646119196721600e+16 3.518646119196722400e+16
3.374312628115548023e+02 3.267885934461993003e+01 3.374298893744099246e+02 3.267823052146289342e+01 3.518651281545731600e+16 3.518651281545732000e+16
3.370754381740007943e+02 3.275249774363859956e+01 3.370732047539524388e+02 3.275384713242105050e+01 3.518651281126447600e+16 3.518651281126451200e+16
3.378058355855434911e+02 3.021635936830005775e+01 3.378052128724852423e+02 3.021493149589572269e+01 3.518646127585073600e+16 3.518646127585074000e+16
3.379643533949762855e+02 3.275379411457414136e+01 3.379655195692246821e+02 3.275609967827816860e+01 3.518651282384743600e+16 3.518651282384748400e+16
3.372631493694836990e+02 3.248358338548883495e+01 3.372647975005482408e+02 3.248407030594059108e+01 3.518650772357317600e+16 3.518650772357318000e+16
3.340476196704708514e+02 3.107574860002416628e+01 3.340500242881610689e+02 3.107676319196013281e+01 3.518647682413654400e+16 3.518647682413654400e+16
3.338235642850307272e+02 3.118795165362660526e+01 3.338253704532647816e+02 3.118983183175972940e+01 3.518648199990581600e+16 3.518648199990584800e+16
3.331495032699552894e+02 3.039099193595689030e+01 3.331511455822495691e+02 3.039186684271637517e+01 3.518646642645437600e+16 3.518646642645437600e+16
3.405404099228896939e+02 2.226856006440254276e+01 3.405393470507754046e+02 2.227027596256144193e+01 3.518628797559896000e+16 3.518628797559896400e+16
3.405377137366390912e+02 2.227031834604026628e+01 3.405393470507754046e+02 2.227027596256144193e+01 3.518628797559896400e+16 3.518628797559896400e+16
3.408130734277107194e+02 2.293720168836046369e+01 3.408123317175501938e+02 2.293813449093601875e+01 3.518630471925874800e+16 3.518630471925874800e+16
3.408046340338230493e+02 2.483342154197161022e+01 3.408070325561128584e+02 2.483447695246642795e+01 3.518634341171583200e+16 3.518634341171583200e+16
3.406032832757290407e+02 2.488007897437069360e+01 3.406025380679679415e+02 2.487832929748148203e+01 3.518634889366744400e+16 3.518634889366744400e+16
3.404043251174813349e+02 2.315029700787578193e+01 3.404041438048326427e+02 2.315273377536345478e+01 3.518631027251653600e+16 3.518631027251653600e+16
3.408610653956990859e+02 2.321723286698374267e+01 3.408596164829475015e+02 2.321904812760466541e+01 3.518631028090644400e+16 3.518631028090644800e+16
3.409515605636846090e+02 2.323738145942174427e+01 3.409539315409137430e+02 2.323799426589826211e+01 3.518631028090678400e+16 3.518631028090678400e+16
3.418797385886702500e+02 2.488712592968388648e+01 3.418798424310498376e+02 2.488536555826132712e+01 3.518634891463912000e+16 3.518634891463912000e+16
3.417574016641488015e+02 2.404949028314711867e+01 3.417579899613660359e+02 2.404974812657386352e+01 3.518632690712889600e+16 3.518632690712889600e+16
3.413978540542171913e+02 2.404610720119130107e+01 3.413990602375634467e+02 2.404708035357433360e+01 3.518632689874076800e+16 3.518632689874077200e+16
3.421916835737362135e+02 2.473558575410424609e+01 3.421901626784267023e+02 2.473760310956982522e+01 3.518634343268594000e+16 3.518634343268596000e+16
3.429919458165879291e+02 2.472624158515148807e+01 3.429907179173558234e+02 2.472495124056829141e+01 3.518634344526884800e+16 3.518634344526884800e+16
3.402376141226108075e+02 3.416701692482197927e+01 3.402369955938727912e+02 3.416689434870758646e+01 3.518654310252634000e+16 3.518654310252634400e+16
3.407941883724300851e+02 3.464501277016709224e+01 3.407934835545433998e+02 3.464716207911561696e+01 3.518655307658078400e+16 3.518655307658078400e+16
3.406481422480296146e+02 3.070862026333703199e+01 3.406509708236598613e+02 3.070825729668797521e+01 3.518647173644459600e+16 3.518647173644460000e+16
3.403549858654574223e+02 3.067183362023088478e+01 3.403559165262690840e+02 3.067412489908358708e+01 3.518647173224957600e+16 3.518647173224962400e+16
3.404577432922852154e+02 3.076200758790968948e+01 3.404587537219426281e+02 3.076254699760800193e+01 3.518647173225140000e+16 3.518647173225140000e+16
3.406731150201017613e+02 3.423883993249233981e+01 3.406719871294788504e+02 3.424026945346153639e+01 3.518654310672179200e+16 3.518654310672179200e+16
3.405676579792636858e+02 3.233084162688115271e+01 3.405686377556390880e+02 3.233062038153124007e+01 3.518650266105102000e+16 3.518650266105102400e+16
3.418910070884861625e+02 3.361422856626931832e+01 3.418881886560079124e+02 3.361563864031783311e+01 3.518652806594994000e+16 3.518652806594996000e+16
3.411297129814724371e+02 3.200786865586706398e+01 3.411265160755011721e+02 3.200830397736646660e+01 3.518649754819249600e+16 3.518649754819250000e+16
3.420002448422210364e+02 3.325294232334214684e+01 3.420009263060886155e+02 3.325519725535943394e+01 3.518652301600583600e+16 3.518652301600587600e+16
3.414030292766667003e+02 3.301974608106446851e+01 3.414038869668437428e+02 3.302165073901861803e+01 3.518651794928752000e+16 3.518651794928752400e+16
3.411450412127703089e+02 3.159592371555598689e+01 3.411459188138263698e+02 3.159648167138761821e+01 3.518648726376136800e+16 3.518648726376137200e+16
3.461612365174137267e+02 3.264257089045176485e+01 3.461638364768857059e+02 3.264363420258141701e+01 3.518651294128571200e+16 3.518651294128575600e+16
3.468900699213188545e+02 3.340795121418927494e+01 3.468880573622812449e+02 3.340838914431362383e+01 3.518652813724943600e+16 3.518652813724944000e+16
3.463872781771298150e+02 3.103100699497013792e+01 3.463869224880434672e+02 3.103231862444020805e+01 3.518647700449168000e+16 3.518647700449168800e+16
3.420310019131482022e+02 3.235235441947539670e+01 3.420304904094538756e+02 3.235413657533320020e+01 3.518650268202250000e+16 3.518650268202250400e+16
3.430667621052795653e+02 3.398739673441897224e+01 3.430684514368730333e+02 3.398812147134132289e+01 3.518653813227704800e+16 3.518653813227704800e+16
3.424415693561055036e+02 3.442782106503360495e+01 3.424415409403999888e+02 3.442830673639256389e+01 3.518654812310837600e+16 3.518654812310837600e+16
3.421571464205993038e+02 3.074281986052232440e+01 3.421553285443937398e+02 3.074329848869216164e+01 3.518647175741673600e+16 3.518647175741674000e+16
3.421270206507062426e+02 3.080638942309328598e+01 3.421282694789579182e+02 3.080797717235744670e+01 3.518647175741802800e+16 3.518647175741803200e+16
3.427198211368685179e+02 3.165931351571521546e+01 3.427220385508513232e+02 3.166093936137227161e+01 3.518649243952812400e+16 3.518649243952814400e+16
3.421456194127196113e+02 3.248446412492557300e+01 3.421434142960774238e+02 3.248431840885136523e+01 3.518650779068227600e+16 3.518650779068228000e+16
3.470782474647241429e+02 3.202929516761320627e+01 3.470773857667017523e+02 3.202928898748317721e+01 3.518649763627300000e+16 3.518649763627300000e+16
3.477765571695732092e+02 3.078396432163522789e+01 3.477752720869139011e+02 3.078197042900272251e+01 3.518647183710908400e+16 3.518647183710909200e+16
3.471672977547132746e+02 3.352604063878771967e+01 3.471675701632673849e+02 3.352706309682627506e+01 3.518652814144608000e+16 3.518652814144608000e+16
3.477604552948654941e+02 3.166986295735052082e+01 3.477601029399213530e+02 3.167201666315272490e+01 3.518649251083147200e+16 3.518649251083151200e+16
3.470874632422004424e+02 3.325071418249313382e+01 3.470891632244604352e+02 3.324916333279102076e+01 3.518652308730911600e+16 3.518652308730912400e+16
3.433993116484004418e+02 3.164201971117652334e+01 3.434005413689320676e+02 3.164299702514984602e+01 3.518649244791635200e+16 3.518649244791635200e+16
3.436437646092896330e+02 3.107944022019916019e+01 3.436454002060500557e+02 3.108110320080196587e+01 3.518647696254967200e+16 3.518647696254967600e+16
3.435323088488152621e+02 3.224000225828137900e+01 3.435348877103731979e+02 3.223976579373663753e+01 3.518650270299162800e+16 3.518650270299162800e+16
3.480947527642834984e+02 3.358296777552069301e+01 3.480923727673512644e+02 3.358407057675108121e+01 3.518652815402934400e+16 3.518652815402934400e+16
3.443885828765717179e+02 3.427020980217773172e+01 3.443901577497946391e+02 3.427048956239585920e+01 3.518654316124818800e+16 3.518654316124819200e+16
3.443978271354955609e+02 3.009860355285933053e+01 3.443978797000885379e+02 3.010094702544199663e+01 3.518645614202485600e+16 3.518645614202486400e+16
3.445349563346333071e+02 3.218951970425320752e+01 3.445342709511417638e+02 3.218782338758566652e+01 3.518650271557349600e+16 3.518650271557350000e+16
3.450328558267357266e+02 3.163222224525528148e+01 3.450313379117974932e+02 3.163431652858281140e+01 3.518649246888762400e+16 3.518649246888762800e+16
3.449435159782104847e+02 3.373232098177340532e+01 3.449460492577538275e+02 3.373318875518515370e+01 3.518653314105525600e+16 3.518653314105526000e+16
3.442870624898607730e+02 3.175975048360014341e+01 3.442870643813650418e+02 3.176158937753788436e+01 3.518649246050225600e+16 3.518649246050225600e+16
3.491885668545448311e+02 3.339283116616417146e+01 3.491878848314353263e+02 3.339193607181362466e+01 3.518652816660912000e+16 3.518652816660912800e+16
3.496712616541683474e+02 3.299139931272048898e+01 3.496693857612864917e+02 3.299105615308759809e+01 3.518651806672701600e+16 3.518651806672701600e+16
3.449749313365483090e+02 3.106592308431329386e+01 3.449756817585752060e+02 3.106345813505704356e+01 3.518647698352138400e+16 3.518647698352138800e+16
3.451647262659698185e+02 3.162502090531299359e+01 3.451656987173340099e+02 3.162741218556377021e+01 3.518649247308193600e+16 3.518649247308194000e+16
3.455029947157979109e+02 3.282117299052636383e+01 3.455042336175692412e+02 3.282244882872024050e+01 3.518651293290013200e+16 3.518651293290013200e+16
3.407632309396033747e+02 2.678953321725423109e+01 3.407610585976360085e+02 2.679133493246887099e+01 3.518638696956276000e+16 3.518638696956276000e+16
3.405989948088613346e+02 2.859443307069205176e+01 3.405962767408387322e+02 2.859508829697121257e+01 3.518642444986448800e+16 3.518642444986448800e+16
3.401882107177638659e+02 2.792542565892302164e+01 3.401867876954537451e+02 2.792649949548466637e+01 3.518641379632850400e+16 3.518641379632850400e+16
3.403489029337624174e+02 2.649819476989889822e+01 3.403510415758975114e+02 2.649910661075801244e+01 3.518638155890983600e+16 3.518638155890984000e+16
3.406478135238269260e+02 2.678955218253608095e+01 3.406471222530832961e+02 2.679190990053871957e+01 3.518638696536845200e+16 3.518638696536846000e+16
3.403574250321178738e+02 2.850406528945722684e+01 3.403585436040019658e+02 2.850271463824876150e+01 3.518642444566836000e+16 3.518642444566836400e+16
3.400259325145335083e+02 2.611262735183859718e+01 3.400269425228289606e+02 2.611093352998811667e+01 3.518637070824748000e+16 3.518637070824748400e+16
3.406912978867610491e+02 2.819587457082623061e+01 3.406933656760572262e+02 2.819716283201709217e+01 3.518641913148401200e+16 3.518641913148402800e+16
3.414840989381683585e+02 2.580978162553751432e+01 3.414822857076673017e+02 2.580983025855573487e+01 3.518636529339971200e+16 3.518636529339971200e+16
3.419792390525075803e+02 2.511822929270966753e+01 3.419773235233317337e+02 2.511958345622415578e+01 3.518634891464372400e+16 3.518634891464373600e+16
3.414827815884548272e+02 2.959908365465329183e+01 3.414808086278533779e+02 2.959999108768063181e+01 3.518644560593364000e+16 3.518644560593364000e+16
3.416402212694262630e+02 2.518697538884702070e+01 3.416425819266635813e+02 2.518546190473384172e+01 3.518635437981796000e+16 3.518635437981796400e+16
3.417543319580206571e+02 2.530647243150523451e+01 3.417537806106808489e+02 2.530907760555120944e+01 3.518635437982045200e+16 3.518635437982046000e+16
3.416339777420806172e+02 2.535506157188654086e+01 3.416344423319863495e+02 2.535632054050275741e+01 3.518635437982110800e+16 3.518635437982110800e+16
3.418137136117354089e+02 2.732900166512982665e+01 3.418147308976859904e+02 2.733073163283105700e+01 3.518639775731274400e+16 3.518639775731274800e+16
3.411450737413566117e+02 2.796281761848326397e+01 3.411425687067136892e+02 2.796419993484006028e+01 3.518641381310660000e+16 3.518641381310661600e+16
3.412566370153851949e+02 2.966559929532110473e+01 3.412551795426025478e+02 2.966477575688012536e+01 3.518645085300412000e+16 3.518645085300412400e+16
3.465578135774412658e+02 2.882572687636096376e+01 3.465563720987541956e+02 2.882589911158632034e+01 3.518642983954452400e+16 3.518642983954452800e+16
3.461937594266957490e+02 2.801130830822306805e+01 3.461925282976841345e+02 2.801264930793560737e+01 3.518641388860524800e+16 3.518641388860524800e+16
3.466466244006737725e+02 2.951521815581397945e+01 3.466446181117978540e+02 2.951701464886143356e+01 3.518644568142948800e+16 3.518644568142952000e+16
3.423861692683247497e+02 2.998809531526399752e+01 3.423867571682204698e+02 2.999078620067284007e+01 3.518645611266285200e+16 3.518645611266291200e+16
3.426511823044421021e+02 2.893824001034832705e+01 3.426534201661691554e+02 2.893793047814828157e+01 3.518643507822730400e+16 3.518643507822730400e+16
3.428368359541191808e+02 2.665360392959310332e+01 3.428340463234682716e+02 2.665425213779913349e+01 3.518638699891984800e+16 3.518638699891987200e+16
3.427934881117664077e+02 2.719060422702611390e+01 3.427947788400456375e+02 2.719121128529278053e+01 3.518639776989352800e+16 3.518639776989352800e+16
3.423314908984092426e+02 2.738457707056358714e+01 3.423301510172493636e+02 2.738592759677329269e+01 3.518640313440698400e+16 3.518640313440698800e+16
3.422881348389173013e+02 2.743640785661035508e+01 3.422902964803660666e+02 2.743760508774132845e+01 3.518640313440804800e+16 3.518640313440805200e+16
3.422662818220442205e+02 2.742089095279666466e+01 3.422668165074195485e+02 2.742335334787127366e+01 3.518640313021345600e+16 3.518640313021345600e+16
3.471924185398858071e+02 2.907684982052110811e+01 3.471950321374516761e+02 2.907697650271894929e+01 3.518643514533924800e+16 3.518643514533924800e+16
3.433877788954927723e+02 2.645779058149123841e+01 3.433878431569833651e+02 2.645975170228198081e+01 3.518638160504616400e+16 3.518638160504616400e+16
3.438611778973439641e+02 2.930356689963019434e+01 3.438616347906767032e+02 2.930280806151485962e+01 3.518644037144111200e+16 3.518644037144111200e+16
3.429033893232375476e+02 2.893273572493361456e+01 3.429041425131842971e+02 2.893242011484273135e+01 3.518643508242142400e+16 3.518643508242142400e+16
3.432444418396175365e+02 2.917545343947129410e+01 3.432437736638445358e+02 2.917318583690272860e+01 3.518644036305016400e+16 3.518644036305016800e+16
3.435685215157856192e+02 2.942293783690827524e+01 3.435693898335848644e+02 2.942443262430815665e+01 3.518644563529036400e+16 3.518644563529036800e+16
3.446302863395695226e+02 2.622790661535715984e+01 3.446323841200491529e+02 2.622888496413315451e+01 3.518637620278308000e+16 3.518637620278308000e+16
3.446941342769970902e+02 2.849818674877165137e+01 3.446949603955367252e+02 2.849973107545966755e+01 3.518642451277636000e+16 3.518642451277636400e+16
3.458756600784264492e+02 2.770051723098317709e+01 3.458777110828336845e+02 2.770094882618638366e+01 3.518640853667207200e+16 3.518640853667208800e+16
3.459618591039787816e+02 2.925105385484572906e+01 3.459598098703198161e+02 2.925096449467065085e+01 3.518644040080076400e+16 3.518644040080076800e+16
3.450858002602774945e+02 2.999715507147965710e+01 3.450876031984743690e+02 2.999753715995865733e+01 3.518645615460634000e+16 3.518645615460634400e+16
3.453148586169693885e+02 2.938930734765682118e+01 3.453170544144160203e+02 2.939064181156839339e+01 3.518644566045528000e+16 3.518644566045528000e+16
3.452689779076443983e+02 2.961284531408630372e+01 3.452687480566133900e+02 2.961406613222642292e+01 3.518644566045999200e+16 3.518644566045999200e+16
3.454060110372970485e+02 2.868103335420967781e+01 3.454041459157346026e+02 2.868163153177429336e+01 3.518642982276420800e+16 3.518642982276421200e+16
3.455803778092679863e+02 2.915402142801942276e+01 3.455823561010238336e+02 2.915568647776920130e+01 3.518644039660402800e+16 3.518644039660402800e+16
3.454128045624955234e+02 2.754197148231651227e+01 3.454124711270967509e+02 2.754429866406756489e+01 3.518640318054767200e+16 3.518640318054767600e+16
3.453288248155780593e+02 2.913392861524752320e+01 3.453291972487041903e+02 2.913291652235653473e+01 3.518644039240934400e+16 3.518644039240935200e+16
3.385354303423904980e+02 2.453867787634015940e+01 3.385365554645025554e+02 2.454067772689998961e+01 3.518633787942901600e+16 3.518633787942902400e+16
3.385380104769495802e+02 2.454159022269549695e+01 3.385365554645025554e+02 2.454067772689998961e+01 3.518633787942902000e+16 3.518633787942902400e+16
3.385675441933057641e+02 2.454282664949607806e+01 3.385701583993160853e+02 2.454410078830262876e+01 3.518633787942910400e+16 3.518633787942917600e+16
3.390957202328767153e+02 2.486499873196255095e+01 3.390930805651132687e+02 2.486612500698585393e+01 3.518634338235706800e+16 3.518634338235710800e+16
3.385917773463042408e+02 2.239600823659983675e+01 3.385931245037087933e+02 2.239679900235188015e+01 3.518629353304896800e+16 3.518629353304898000e+16
3.390259120647100417e+02 2.326426375684512493e+01 3.390249434233920169e+02 2.326360206320015322e+01 3.518631025154704800e+16 3.518631025154705200e+16
3.385433007609471474e+02 2.464383068301455992e+01 3.385429864074510533e+02 2.464283220579321210e+01 3.518634337396377600e+16 3.518634337396378000e+16
3.379475046127752194e+02 2.044738018951011327e+01 3.379474890053556919e+02 2.044593624834707413e+01 3.518624854075136800e+16 3.518624854075136800e+16
3.381543589146134536e+02 2.052742872228136406e+01 3.381555793617033032e+02 2.052782402379057913e+01 3.518624854494733200e+16 3.518624854494733600e+16
3.382708764922770683e+02 2.351136282055240301e+01 3.382705247893064211e+02 2.351015446856591495e+01 3.518631578802864000e+16 3.518631578802864400e+16
3.389723506631422651e+02 2.188723939514201788e+01 3.389716596508879434e+02 2.188940946271478438e+01 3.518628235522895200e+16 3.518628235522895200e+16
3.383327522960889269e+02 2.321910110336384392e+01 3.383306375436879421e+02 2.321798751694947072e+01 3.518631024315806000e+16 3.518631024315806400e+16
3.383231977719807446e+02 2.202903896823517726e+01 3.383228531394791503e+02 2.203146817305769645e+01 3.518628234684317600e+16 3.518628234684318400e+16
3.343013054287210366e+02 2.341108657862172393e+01 3.343025935239006685e+02 2.340944610048524765e+01 3.518631572511195600e+16 3.518631572511195600e+16
3.347834494444490474e+02 2.367970724235214774e+01 3.347823432141722151e+02 2.367985265197299682e+01 3.518632126998222800e+16 3.518632126998222800e+16
3.347288171214392491e+02 2.254353522333146742e+01 3.347305818803103534e+02 2.254191176005290131e+01 3.518629347433219200e+16 3.518629347433219200e+16
3.393639348439800187e+02 2.191241325481877311e+01 3.393636656133717224e+02 2.191392191138111301e+01 3.518628236361796000e+16 3.518628236361797200e+16
3.394226881191850680e+02 2.410955721423643539e+01 3.394223975306123862e+02 2.411224746601120117e+01 3.518632686938167200e+16 3.518632686938170400e+16
3.391685203007450014e+02 2.145045655588884870e+01 3.391690937018087766e+02 2.145093809656780692e+01 3.518627112707829200e+16 3.518627112707829200e+16
3.396990818272681167e+02 2.491498223768453713e+01 3.396963132604053612e+02 2.491531884976516409e+01 3.518634888108526400e+16 3.518634888108527200e+16
3.392600399965415932e+02 2.466654901468335126e+01 3.392579712609017975e+02 2.466754820315736652e+01 3.518634338654712000e+16 3.518634338654714400e+16
3.394091933955148761e+02 2.231012681655416330e+01 3.394074697339436852e+02 2.231195446466918497e+01 3.518628795882303200e+16 3.518628795882303200e+16
3.398387839828674828e+02 2.252594127802376889e+01 3.398387330685254142e+02 2.252838748531518931e+01 3.518629355402335200e+16 3.518629355402339600e+16
3.396068239335498902e+02 2.175312664077880243e+01 3.396066969077792805e+02 2.175499587212533115e+01 3.518627675583532400e+16 3.518627675583532400e+16
3.350723363770238166e+02 2.485064232572365128e+01 3.350749629926884836e+02 2.485088861676094751e+01 3.518634332363581600e+16 3.518634332363582000e+16
3.350670024279464769e+02 2.368349445783534435e+01 3.350679747222367268e+02 2.368521176225573299e+01 3.518632127417664800e+16 3.518632127417668800e+16
3.316117824392712805e+02 2.498452228376980955e+01 3.316092097167577322e+02 2.498592903864645720e+01 3.518634875525797600e+16 3.518634875525798000e+16
3.316647915659536352e+02 2.493754794888778292e+01 3.316639018687640714e+02 2.493588423786758668e+01 3.518634875945109600e+16 3.518634875945133200e+16
3.368901238495064376e+02 2.197768850809157826e+01 3.368923571865540794e+02 2.197734704595091415e+01 3.518628232587086400e+16 3.518628232587086400e+16
3.359774360083430906e+02 2.089326974045645358e+01 3.359784227902061389e+02 2.089156918163265431e+01 3.518625981084514400e+16 3.518625981084514400e+16
3.365304982214378242e+02 2.204948116976189709e+01 3.365306515999834573e+02 2.204799556462949539e+01 3.518628231748328000e+16 3.518628231748328000e+16
3.360942898474000344e+02 2.344646032368511612e+01 3.360952490052466146e+02 2.344879806718753912e+01 3.518631575447280000e+16 3.518631575447280400e+16
3.365522783869387240e+02 2.391762715699836406e+01 3.365550161692748929e+02 2.391731407373209706e+01 3.518632682743500800e+16 3.518632682743500800e+16
3.368902366149998215e+02 2.451174687540427399e+01 3.368885212535107030e+02 2.451341023772712191e+01 3.518633785426214000e+16 3.518633785426216400e+16
3.368000508833853246e+02 2.088270641107913406e+01 3.367995405901982622e+02 2.088208998861176724e+01 3.518625982342774400e+16 3.518625982342774400e+16
3.370449038661549253e+02 2.164903732904240030e+01 3.370439916539083356e+02 2.164952243861444003e+01 3.518627671389036000e+16 3.518627671389036400e+16
3.377532209388412525e+02 2.114327378779845290e+01 3.377513566566061058e+02 2.114407938028137934e+01 3.518626547315560000e+16 3.518626547315565600e+16
3.374942688141491658e+02 2.321700598503113255e+01 3.374953237163406357e+02 2.321601761163780253e+01 3.518631023057509200e+16 3.518631023057509600e+16
3.379323088852973456e+02 2.476152687988501455e+01 3.379305195142187586e+02 2.476159930445393442e+01 3.518634336557722400e+16 3.518634336557726800e+16
3.378932146940533130e+02 2.169858655278839876e+01 3.378946601428337431e+02 2.170092249172239818e+01 3.518627672647438800e+16 3.518627672647444400e+16
3.370714004841830160e+02 2.110267215078530612e+01 3.370690964529314897e+02 2.110227930621467607e+01 3.518625982762689200e+16 3.518625982762689600e+16
3.376066746843360420e+02 2.447984352977039535e+01 3.376063257101385489e+02 2.448144490876909529e+01 3.518633786684455600e+16 3.518633786684455600e+16
3.380467175377921762e+02 2.435783820400719790e+01 3.380479362896373345e+02 2.435577113195918741e+01 3.518633236811426000e+16 3.518633236811426400e+16
3.335339633255752574e+02 2.329509938626159027e+01 3.335337776726103698e+02 2.329779545579420841e+01 3.518631016766219200e+16 3.518631016766223600e+16
3.379565645415148083e+02 2.812993538874508204e+01 3.379552626696380457e+02 2.812857913078292782e+01 3.518641909373350000e+16 3.518641909373350400e+16
3.380863913889722312e+02 2.773969929648709609e+01 3.380836827229164214e+02 2.773894267058978969e+01 3.518640842342621600e+16 3.518640842342621600e+16
3.380893410989871768e+02 2.787382392074412607e+01 3.380893587835150811e+02 2.787645735759990728e+01 3.518640842342897200e+16 3.518641376696731600e+16
3.382979318830289799e+02 2.987580130060174000e+01 3.382980167432373833e+02 2.987477094544822265e+01 3.518645605394029200e+16 3.518645081106508000e+16
3.345712291520736130e+02 2.799096102964097099e+01 3.345692496107644729e+02 2.799067057789957147e+01 3.518641371663805600e+16 3.518641371663805600e+16
3.343188812046929002e+02 2.536758627858430870e+01 3.343180947656817921e+02 2.536822268131469826e+01 3.518635426657584800e+16 3.518635426657585200e+16
3.346363311120175581e+02 2.642770036308612092e+01 3.346379347767758077e+02 2.642807684747277364e+01 3.518638147082768800e+16 3.518638147082769200e+16
3.340688250770901391e+02 2.777137482399507462e+01 3.340702742050723373e+02 2.777244264871378476e+01 3.518640836470816000e+16 3.518640836470816400e+16
3.345930950492146962e+02 2.518898796034345366e+01 3.345952630779782453e+02 2.518951470491257894e+01 3.518635427076636800e+16 3.518635427076636800e+16
3.345884982229080151e+02 2.681224291569537144e+01 3.345873321956578366e+02 2.681330853724240626e+01 3.518638687728830400e+16 3.518638687728830800e+16
3.396654007370506179e+02 2.710610267040411969e+01 3.396648283803748996e+02 2.710717059389321193e+01 3.518639234666161600e+16 3.518639234666161600e+16
3.395613830294203694e+02 2.549967545605361607e+01 3.395606741896024232e+02 2.549868605157036328e+01 3.518635981144338800e+16 3.518635981144338800e+16
3.392920883106456245e+02 2.813066457552814015e+01 3.392931846902606594e+02 2.813308631158222539e+01 3.518641911051073200e+16 3.518641911051073600e+16
3.393298794149960713e+02 2.591247305870522766e+01 3.393285883765473727e+02 2.591079645928337882e+01 3.518637069566031200e+16 3.518637069566031200e+16
3.309062014163517915e+02 2.630907320619304812e+01 3.309057765190118516e+02 2.631024388756815213e+01 3.518637599726411600e+16 3.518637599726412000e+16
3.309719983823572420e+02 2.600675825697814858e+01 3.309737811704506498e+02 2.600589730512741937e+01 3.518637056983329600e+16 3.518637056983330400e+16
3.307070718082263738e+02 2.775805203807313148e+01 3.307093768892340222e+02 2.775711234672096595e+01 3.518640831437532800e+16 3.518640831437532800e+16
3.308843129602479962e+02 2.715769753497154682e+01 3.308850114178015929e+02 2.715640271200619793e+01 3.518639759373184800e+16 3.518639759373185200e+16
3.301688911847799091e+02 2.702704962522646781e+01 3.301704277047431901e+02 2.702873616327281070e+01 3.518639220405354800e+16 3.518639220405355200e+16
3.304330924822925226e+02 2.607530548278289828e+01 3.304322750621217892e+02 2.607537852607848450e+01 3.518637056144607200e+16 3.518637056144607200e+16
3.353935440948422979e+02 2.885575126185861805e+01 3.353940701121376264e+02 2.885402526895560982e+01 3.518642967596848000e+16 3.518642967596848000e+16
3.358844580684394714e+02 2.934236659404553293e+01 3.358825121152656266e+02 2.934215927731437645e+01 3.518644025400214400e+16 3.518644025400215200e+16
3.355499760826288593e+02 2.837261683816549152e+01 3.355489862083734351e+02 2.837037780019071320e+01 3.518641905599047200e+16 3.518641905599047200e+16
3.352959871587949578e+02 2.662164110987707133e+01 3.352959753771444866e+02 2.662241946817478322e+01 3.518638148341536000e+16 3.518638148341536000e+16
3.360922981779344241e+02 2.753181311336512849e+01 3.360926052031796871e+02 2.752988689167325020e+01 3.518640303794113200e+16 3.518640303794113200e+16
3.318164788089864032e+02 2.825938649873016928e+01 3.318160433689800470e+02 2.825823208496279193e+01 3.518641900146232000e+16 3.518641900146232000e+16
3.316380703846223241e+02 2.521807767700692082e+01 3.316403519929221488e+02 2.521764865089585328e+01 3.518635422882409200e+16 3.518635422882409200e+16
3.314170953766684988e+02 2.627926421741796759e+01 3.314193856251548027e+02 2.627966984541389195e+01 3.518637600565178400e+16 3.518637600565178400e+16
3.309276176765681612e+02 2.701951361640760751e+01 3.309296547680725098e+02 2.702078662138084297e+01 3.518639221663682000e+16 3.518639221663682000e+16
3.314333600723319364e+02 2.904713178761538472e+01 3.314344829848777749e+02 2.904740354912209099e+01 3.518643491045848000e+16 3.518643491045848000e+16
3.316538686434408305e+02 2.740627981914756006e+01 3.316522654245605395e+02 2.740463771919721836e+01 3.518640297502390000e+16 3.518640297502390400e+16
3.316529115501731440e+02 2.501342066623130478e+01 3.316537015895124796e+02 2.501089741667340860e+01 3.518634875945304800e+16 3.518634875945305200e+16
3.315385508535769077e+02 2.740386879605110693e+01 3.315390313100681965e+02 2.740213327588594083e+01 3.518640297082965600e+16 3.518640297082966000e+16
3.316178539794836979e+02 2.927048060935874929e+01 3.316148833110947862e+02 2.926962967549132699e+01 3.518644019108634000e+16 3.518644019108634000e+16
3.365580397927598142e+02 2.870187949778947711e+01 3.365574346996507984e+02 2.870091086611852660e+01 3.518642969274145600e+16 3.518642969274145600e+16
3.364792871817314790e+02 2.597306255721542456e+01 3.364764442103031001e+02 2.597345072166674740e+01 3.518637065371881200e+16 3.518637065371882400e+16
3.366226099736068136e+02 2.604420753483365658e+01 3.366220826430421766e+02 2.604213666943778449e+01 3.518637065372048400e+16 3.518637065372048400e+16
3.365425677242078564e+02 2.605437351529661427e+01 3.365439255399603553e+02 2.605429972818907558e+01 3.518637065372100000e+16 3.518637065372100800e+16
3.359753718609007365e+02 2.704829901955248772e+01 3.359753691096151442e+02 2.704754847202552526e+01 3.518639229213512400e+16 3.518639229213512400e+16
3.363393417925456674e+02 2.882272610296422499e+01 3.363373532806090225e+02 2.882331795404372698e+01 3.518642968855006800e+16 3.518642968855006800e+16
3.364355875498562227e+02 2.932933397815043719e+01 3.364369098415900794e+02 2.933123753789096710e+01 3.518644026239102000e+16 3.518644026239102400e+16
3.367781712635250528e+02 2.610321411428815708e+01 3.367782745163981986e+02 2.610518887595492643e+01 3.518637065791641600e+16 3.518637065791642000e+16
3.359421976596568697e+02 2.841295562762794447e+01 3.359426644043126089e+02 2.841100066244017341e+01 3.518642438275162000e+16 3.518642438275162400e+16
3.323726675472203738e+02 2.689902027847444543e+01 3.323730695003392270e+02 2.689946374927485095e+01 3.518639223760544000e+16 3.518639223760544000e+16
3.323222941971405362e+02 2.678410345749589894e+01 3.323210268060356043e+02 2.678366452734456260e+01 3.518638683953912800e+16 3.518638683953913200e+16
3.330389439178436533e+02 2.927516220768870170e+01 3.330374482801864815e+02 2.927453218380906463e+01 3.518644021205788000e+16 3.518644021205788400e+16
3.321262738422219059e+02 2.817985658265024895e+01 3.321249502707452166e+02 2.818127147357600037e+01 3.518641900565436800e+16 3.518641900565437600e+16
3.328855221758355469e+02 2.617375183308423559e+01 3.328878095557404890e+02 2.617532625107784483e+01 3.518637602662096800e+16 3.518637602662096800e+16
3.326965566720993479e+02 2.861167103495633057e+01 3.326935647626647778e+02 2.861192256844898907e+01 3.518642433242449600e+16 3.518642433242453200e+16
3.373835223693138232e+02 2.869739673442928662e+01 3.373857314034685260e+02 2.869753866866185987e+01 3.518642970532414400e+16 3.518642970532414400e+16
3.372827902237254989e+02 2.785580635672749139e+01 3.372816192349483799e+02 2.785468150305159085e+01 3.518640841084680800e+16 3.518640841084681200e+16
3.372245031210507022e+02 2.786666828471917157e+01 3.372260680316373396e+02 2.786854229686237261e+01 3.518640841084700400e+16 3.518640841084700400e+16
3.371808013829091237e+02 2.786955866689787698e+01 3.371797012402705036e+02 2.786836550912809329e+01 3.518640841084702800e+16 3.518640841084703200e+16
3.370989095743087205e+02 2.775755950535807415e+01 3.370970200404117918e+02 2.775960522435631006e+01 3.518640840664986000e+16 3.518640840664986400e+16
3.376704895108831010e+02 2.837624173110788561e+01 3.376715676236377703e+02 2.837505344161104759e+01 3.518642440791661600e+16 3.518642440791662000e+16
3.370947540887942750e+02 2.754636257279179645e+01 3.370970982699128626e+02 2.754673065634656126e+01 3.518640305471886800e+16 3.518640305471886800e+16
3.379365818030568676e+02 2.882835068894070929e+01 3.379345697009898117e+02 2.882965281971992866e+01 3.518642971371565200e+16 3.518642971371566800e+16
3.334032449581378046e+02 2.939799273118176615e+01 3.334021068768958571e+02 2.939978613419044962e+01 3.518644548848914800e+16 3.518644548848915200e+16
3.334032449581378046e+02 2.939799273118176615e+01 3.334022033997694621e+02 2.939736696437524444e+01 3.518644548848914800e+16 3.518644548848915200e+16
3.334021068768958571e+02 2.939978613419044962e+01 3.334022033997694621e+02 2.939736696437524444e+01 3.518644548848915200e+16 3.518644548848915200e+16
3.336271986242209096e+02 2.697831075734890760e+01 3.336274172163992375e+02 2.698069799901763233e+01 3.518639225438433200e+16 3.518639225438433200e+16
3.329594943711830410e+02 2.791569943046373936e+01 3.329607964018563848e+02 2.791790702897171883e+01 3.518641369147073200e+16 3.518641369147078000e+16
3.330489503391625590e+02 2.646487026127102737e+01 3.330482324681524915e+02 2.646299385281224659e+01 3.518638144985706400e+16 3.518638144985707200e+16
3.337118840262257322e+02 2.812212065015841844e+01 3.337099724652152872e+02 2.812146209110825978e+01 3.518641369986447600e+16 3.518641369986448000e+16
3.337524032452802203e+02 2.567086291051993285e+01 3.337509198710595228e+02 2.567128387554340208e+01 3.518636517595672000e+16 3.518636517595672400e+16
3.333629886356519592e+02 2.539882398097290306e+01 3.333603953163989218e+02 2.539760904614586678e+01 3.518635971497214800e+16 3.518635971497214800e+16
3.334084486373938603e+02 2.549678469483837162e+01 3.334088006999542699e+02 2.549498434254635626e+01 3.518635971497424400e+16 3.518635971497424800e+16
3.296243933490887343e+02 2.816386209489878922e+01 3.296260111586245216e+02 2.816513297980718278e+01 3.518641896790505200e+16 3.518641896790507200e+16
3.508417257807641931e+02 3.479787323717983583e+01 3.508424417139298725e+02 3.479589073075189276e+01 3.518655321499468400e+16 3.518655321499468800e+16
3.510297769508755437e+02 3.348092092334290015e+01 3.510316826735258928e+02 3.348254841161901396e+01 3.518652819177662400e+16 3.518652819597109200e+16
3.502571695916074077e+02 3.204063498281842470e+01 3.502589263675599227e+02 3.204272913879488982e+01 3.518649767821615200e+16 3.518649767821618000e+16
3.516012798942189761e+02 3.326676957146000291e+01 3.516027415252023616e+02 3.326674457629816573e+01 3.518652315022366400e+16 3.518652315022366400e+16
3.510114013094291749e+02 3.461261601311210256e+01 3.510089877369473470e+02 3.461097523607802628e+01 3.518654824474603200e+16 3.518654824474603200e+16
3.515026545370737381e+02 3.367172191815522808e+01 3.515030900011424819e+02 3.367337063972122735e+01 3.518653323332831200e+16 3.518653323332841600e+16
