1.427575913741246261e+01 -1.222552232887192680e+01 1.427494242576223016e+01 -1.222503416534828524e+01 3.518546410524163600e+16 3.518546410524164000e+16
1.012056669937498832e+01 -1.428181128950048695e+01 1.012047960638216715e+01 -1.428091979237769849e+01 3.518541697804064400e+16 3.518541697804064800e+16
1.024150375019076442e+01 -1.224162968821556419e+01 1.023994796326030610e+01 -1.224170683053510089e+01 3.518546404232673600e+16 3.518546404232673600e+16
1.023393568160003753e+01 -1.239589106628994131e+01 1.023533073387861059e+01 -1.239651883736044269e+01 3.518545813674841600e+16 3.518545813674841600e+16
1.001536829430673592e+01 -1.032553398487330654e+01 1.001333128108875314e+01 -1.032495557670600128e+01 3.518551145893155200e+16 3.518551145893156400e+16
1.071391909477398485e+01 -1.202394167752776433e+01 1.071506605413075697e+01 -1.202166667887803264e+01 3.518546995210045600e+16 3.518546995210049200e+16
1.003170408819764248e+01 -1.060716976965443514e+01 1.003056762342587938e+01 -1.060825702789185243e+01 3.518550551140809600e+16 3.518550551140809600e+16
1.077001814110608535e+01 -1.273099264309879253e+01 1.077196524243939635e+01 -1.273126607685115985e+01 3.518545224794417600e+16 3.518545224794417600e+16
1.082611725998309637e+01 -1.424693597318624150e+01 1.082332008661959755e+01 -1.424652946004396803e+01 3.518541699062394400e+16 3.518541699062394800e+16
1.045584043731371438e+01 -1.042345410986836818e+01 1.045374736893175616e+01 -1.042173022707330787e+01 3.518550551980055600e+16 3.518550551980056800e+16
1.542094092346740730e+01 -1.331450293878256197e+01 1.541937319153932684e+01 -1.331291052141018483e+01 3.518544054583404000e+16 3.518544054583406400e+16
1.130702406759524692e+01 -1.498849348180349672e+01 1.130838671530711714e+01 -1.498622051763071283e+01 3.518539945423937200e+16 3.518539945423944400e+16
1.188571502350504794e+01 -1.439214071769119307e+01 1.188553833543943128e+01 -1.439083773084375295e+01 3.518541115215531200e+16 3.518541115215531200e+16
1.150214432782805041e+01 -1.282617088559296370e+01 1.150128173227997230e+01 -1.282604656073036331e+01 3.518545225633065600e+16 3.518545225633065600e+16
1.173948116154599575e+01 -1.133397847969696848e+01 1.173710026130918216e+01 -1.133451548914908891e+01 3.518548773175364800e+16 3.518548773175365600e+16
1.123303767956330823e+01 -1.036928159327302623e+01 1.123498460029219537e+01 -1.036764323320367609e+01 3.518551147990232400e+16 3.518551147990238000e+16
1.095657517396566050e+01 -1.078287540512325648e+01 1.095649150745382094e+01 -1.078020292629732779e+01 3.518549958905215200e+16 3.518549958905215200e+16
1.099214953407435580e+01 -1.045631513524464573e+01 1.099039660910447580e+01 -1.045701808391874899e+01 3.518550552818862800e+16 3.518550552818862800e+16
1.650421963076721710e+01 -1.438875511765996151e+01 1.650416866187355680e+01 -1.439088357179663014e+01 3.518541122346036000e+16 3.518541122346036400e+16
1.638513253947530757e+01 -1.438810234092923679e+01 1.638478625618589746e+01 -1.438903955565477943e+01 3.518541122346039600e+16 3.518541122346039600e+16
1.273349705787729746e+01 -1.315914535072938563e+01 1.273396305301554143e+01 -1.315669463199533595e+01 3.518544049969905600e+16 3.518544049969914400e+16
1.263152054729446938e+01 -1.455043658901781178e+01 1.263274670372859809e+01 -1.454865238792528359e+01 3.518541116054056400e+16 3.518541116054058800e+16
1.253055330568020409e+01 -1.444380625396510531e+01 1.253264201222703811e+01 -1.444422432237571385e+01 3.518541116054240400e+16 3.518541116054240800e+16
1.351812335201611326e+01 -1.472025535451470191e+01 1.351635584430771431e+01 -1.472200504185187242e+01 3.518540533045993200e+16 3.518540533045993200e+16
1.394146229014341820e+01 -1.240796458368918209e+01 1.394260801215798118e+01 -1.240698379016726349e+01 3.518545819546888800e+16 3.518545819546889200e+16
3.034664220407407242e+00 -3.562561050935241980e+01 3.036785448557543177e+00 -3.562703858195067852e+01 3.518494849106562400e+16 3.518494849106564800e+16
2.728347669377072737e+00 -3.780976501737362838e+01 2.727903800334805950e+00 -3.781164039897245033e+01 3.518490973988621600e+16 3.518490973988622000e+16
2.001120509840505601e+00 -3.624245530096435886e+01 2.002620066851121816e+00 -3.624037246694467740e+01 3.518493869736279600e+16 3.518493869736280000e+16
1.867393481234029595e+00 -3.601147619325764992e+01 1.867287911118038934e+00 -3.601301957984601643e+01 3.518494357953233200e+16 3.518494357953233600e+16
2.231128126698560532e+00 -3.896647980979837911e+01 2.233603507282499123e+00 -3.896664268145410404e+01 3.518488603368192800e+16 3.518488603368193200e+16
2.098653661233886858e+00 -3.822298030083708653e+01 2.097581675270351109e+00 -3.822343125850731127e+01 3.518490020204080000e+16 3.518490020204080400e+16
2.608107098574561800e+00 -3.870802501117644567e+01 2.610709772397256323e+00 -3.870806686841856248e+01 3.518489074808020000e+16 3.518489074808020400e+16
3.654077830649404834e+00 -3.572146801239039604e+01 3.654486534161161426e+00 -3.572167525976156099e+01 3.518494849945134400e+16 3.518494849945134800e+16
3.360400863207261501e+00 -3.695901094307795631e+01 3.362783585561291755e+00 -3.695705505915239542e+01 3.518492416829484400e+16 3.518492416829488000e+16
3.289448225690800420e+00 -3.691482659373541964e+01 3.290283999321653052e+00 -3.691395435260474756e+01 3.518492416829586800e+16 3.518492416829586800e+16
7.686626953561592757e-01 -3.595536442527022558e+01 7.686055248154824993e-01 -3.595293485395886535e+01 3.518494356275582400e+16 3.518494356275600000e+16
6.964549608605591358e-01 -3.905400769462497124e+01 6.967591366877208259e-01 -3.905542206109642223e+01 3.518488601690248000e+16 3.518488601690248000e+16
4.618791002734788931e-01 -3.603116977905759910e+01 4.634888134806203763e-01 -3.602910899688708923e+01 3.518494355855988800e+16 3.518494355855996000e+16
7.288755871261064501e-01 -3.640886769017306790e+01 7.304579012662620885e-01 -3.640930825869070731e+01 3.518493381519478400e+16 3.518493381519479200e+16
9.101301476319844097e-01 -3.864002284943437360e+01 9.096395060497726170e-01 -3.864178108072389506e+01 3.518489072291477600e+16 3.518489072291477600e+16
5.637779796021346046e-01 -3.923947015680478501e+01 5.671605824861434275e-01 -3.923899596173487936e+01 3.518488132347738000e+16 3.518488132347738800e+16
1.421510586172499035e+00 -3.648547050160744476e+01 1.423876669248067772e+00 -3.648407843196797273e+01 3.518493382358204000e+16 3.518493382358211600e+16
1.521138662272469189e+00 -3.889878855951982217e+01 1.520895299074375373e+00 -3.889620841043907262e+01 3.518488602529446800e+16 3.518488602529448400e+16
1.479222884977281938e+00 -3.989300785472439514e+01 1.478135351818761878e+00 -3.989462680043943266e+01 3.518486736902915200e+16 3.518486736902915600e+16
1.014876343120278746e+00 -3.670367989624422478e+01 1.015057954535612206e+00 -3.670095918686486414e+01 3.518492897077210800e+16 3.518492897077216800e+16
1.164043063077547346e+00 -3.824189725350095159e+01 1.161445894080249674e+00 -3.824013562147555945e+01 3.518490018945748800e+16 3.518490018945752000e+16
9.548676935849478298e-01 -3.578900460537795425e+01 9.535274135829507891e-01 -3.578738530335276380e+01 3.518494846589531200e+16 3.518494846589531200e+16
1.430960173815741365e+00 -3.757198582794859476e+01 1.428525135234672838e+00 -3.757177996501521733e+01 3.518491451300365600e+16 3.518491451300366000e+16
1.735512550901830098e+00 -3.897358587646176886e+01 1.733145503676800203e+00 -3.897375611467548850e+01 3.518488602948752800e+16 3.518488602948752800e+16
3.598514727641195918e+02 -3.498244785145684688e+01 3.598507108778989618e+02 -3.498205051439605739e+01 3.518496819590050400e+16 3.518496819590050800e+16
3.595225774606301457e+02 -3.453250879726846989e+01 3.595206764079943582e+02 -3.453094839950529149e+01 3.518497815737196800e+16 3.518497815737198400e+16
6.056082904604285666e+00 -2.414015529811922534e+01 6.057177849149121940e+00 -2.413864680353040271e+01 3.518518892954083200e+16 3.518518892954083600e+16
6.225212168804054258e+00 -2.413490561009539448e+01 6.225496062218744520e+00 -2.413299094896044750e+01 3.518518892954114400e+16 3.518518892954114800e+16
6.568181480652160786e+00 -2.289873068215403507e+01 6.567176516716915380e+00 -2.289718316356809069e+01 3.518521662872162400e+16 3.518521662872162400e+16
6.085479769677817785e+00 -2.388853112698569348e+01 6.084956968493179907e+00 -2.388589472016688831e+01 3.518519444924460000e+16 3.518519444924464800e+16
6.690581992633678254e+00 -2.272627622808596470e+01 6.688173588014142190e+00 -2.272552406902359579e+01 3.518522219875664800e+16 3.518522219875665600e+16
6.994106402944769485e+00 -2.252124495878849331e+01 6.991910480454956556e+00 -2.252067438975270264e+01 3.518522778137471200e+16 3.518522778137471200e+16
7.648337767453876168e+00 -2.406933652369346532e+01 7.647424788582358524e+00 -2.406981516748717809e+01 3.518519447440754000e+16 3.518519447021312000e+16
7.814797497454935460e+00 -2.122572494924527575e+01 7.812025739527294732e+00 -2.122508311114105695e+01 3.518525584127002400e+16 3.518525584127003200e+16
6.921128747478276999e+00 -2.489564358100963659e+01 6.923244691662842065e+00 -2.489393081729880919e+01 3.518517245851127200e+16 3.518517245851131600e+16
7.113113276781270145e+00 -2.485544252236998375e+01 7.115491380087249240e+00 -2.485541361214326628e+01 3.518517794465469200e+16 3.518517794465469600e+16
7.653264957267707835e+00 -2.447083919960091336e+01 7.652973611195768910e+00 -2.447177385103555736e+01 3.518518344758551200e+16 3.518518344758551200e+16
8.050909729788347846e+00 -2.278224980037548164e+01 8.051594740057433697e+00 -2.278124467816109444e+01 3.518522221972868400e+16 3.518522221972868400e+16
7.919781156254392940e+00 -2.271039139415676189e+01 7.921259856458789272e+00 -2.270845961661396828e+01 3.518522221973009600e+16 3.518522221973010000e+16
8.857171926265356987e+00 -2.452171268946291605e+01 8.857251943013029205e+00 -2.452279277712480976e+01 3.518518346855484400e+16 3.518518346855484800e+16
8.992637556630873163e+00 -2.492415534524043252e+01 8.993030918506176974e+00 -2.492234072750621721e+01 3.518517248787005600e+16 3.518517248787005600e+16
8.036536304375314188e+00 -2.393531595897757214e+01 8.033758666891220201e+00 -2.393522812978525138e+01 3.518519447860534000e+16 3.518519447860534400e+16
8.914290157650064828e+00 -2.480989078925572855e+01 8.915028437654409998e+00 -2.480932519356310806e+01 3.518517797401580000e+16 3.518517797401580000e+16
9.064931519200147392e+00 -2.271708858153483490e+01 9.064928771395383222e+00 -2.271446268329751916e+01 3.518522223650822000e+16 3.518522223650846400e+16
9.036885791317162742e+00 -2.003707884985345089e+01 9.035480572247511333e+00 -2.003809771327657430e+01 3.518528414023818800e+16 3.518528414023819200e+16
8.975004212239173995e+00 -2.176080563763395759e+01 8.974348228034459751e+00 -2.175825014327397611e+01 3.518524460892468000e+16 3.518524460892476000e+16
5.981755859128063513e+00 -2.442512119918999502e+01 5.983540491053836341e+00 -2.442292827714456038e+01 3.518518342241834000e+16 3.518518342241838400e+16
3.498029734956592165e+02 -9.107845754579514619e+00 3.498012957676083943e+02 -9.108439442960158061e+00 3.518554688402260400e+16 3.518554688402260800e+16
3.180541367224862359e+00 -3.472108253183420423e+00 3.180458753330790422e+00 -3.472932641470040771e+00 3.518567326260076800e+16 3.518567326260076800e+16
3.407883997714728164e+00 -3.922173320840955490e+00 3.409877918419640164e+00 -3.920548426867835001e+00 3.518566120397789200e+16 3.518566120397792000e+16
4.672916611760211225e+00 -4.986868291966654709e+00 4.672577226542957263e+00 -4.988571777216604275e+00 3.518563712447620800e+16 3.518563712447621200e+16
4.460129949976683328e+00 -4.662473053198504580e+00 4.462454868614684322e+00 -4.661640463647542809e+00 3.518564314330583600e+16 3.518564314330584000e+16
4.152738693016517768e-01 -4.088111703903890337e+00 4.172693215563206270e-01 -4.087393112917234284e+00 3.518566115364168800e+16 3.518566115364168800e+16
5.503003011460088079e-01 -8.858625993016285838e-01 5.522091860635190974e-01 -8.865730068299670918e-01 3.518573360186036000e+16 3.518573360186036000e+16
3.943892393181661071e-01 -1.585508788226734467e+00 3.962302691532372245e-01 -1.583752809709944476e+00 3.518572151806484800e+16 3.518572151806488800e+16
9.614878366318189151e-01 -1.066529895719262599e+00 9.641414042579756760e-01 -1.067142372399201289e+00 3.518573360604942800e+16 3.518573360604945200e+16
5.382963215103616639e-01 -4.165892620440333260e+00 5.378053350038437541e-01 -4.166385867922898889e+00 3.518565512643235600e+16 3.518565512643235600e+16
1.442029466332011456e+00 -3.143593144421188423e+00 1.440761812931877328e+00 -3.144088600019041113e+00 3.518567926465219200e+16 3.518567926465220400e+16
1.408723657605651214e+00 -1.451334443846709510e+00 1.409190718465015868e+00 -1.449717172894683825e+00 3.518572153484547200e+16 3.518572153484547200e+16
1.811839225148597521e+01 -1.722106386493635455e+01 1.811987160899717608e+01 -1.722165530995063421e+01 3.518534731065402000e+16 3.518534731065402000e+16
1.864031179576626940e+01 -1.620862079467654837e+01 1.864136946926988614e+01 -1.620719901167349519e+01 3.518537046321228800e+16 3.518537046321229200e+16
1.446188526012971742e+01 -1.946996009446022668e+01 1.445984857920709388e+01 -1.946898773294924467e+01 3.518529560746866400e+16 3.518529560746866400e+16
1.438134381197865430e+01 -1.998486127836160620e+01 1.438154603514729324e+01 -1.998548683045662244e+01 3.518528422412710800e+16 3.518528422412710800e+16
1.459908175121747220e+01 -1.685303815386509996e+01 1.459981900535209398e+01 -1.685244933190625005e+01 3.518535881143167200e+16 3.518535881143167600e+16
1.432114925563406160e+01 -1.586516534013398783e+01 1.432114370050394392e+01 -1.586539240569192621e+01 3.518538201432091600e+16 3.518538201432092000e+16
1.434955924282015616e+01 -1.544177154854434342e+01 1.434840613355283701e+01 -1.543954211856239489e+01 3.518538783601857200e+16 3.518538783601858000e+16
1.897676999893151972e+01 -1.828611052626725453e+01 1.897819010779684490e+01 -1.828512099108591826e+01 3.518532428811755200e+16 3.518532428811756000e+16
1.977149177324346496e+01 -1.987637704243003611e+01 1.977205507300722331e+01 -1.987762373414732764e+01 3.518528430801674400e+16 3.518528430801674400e+16
1.955224190820475982e+01 -1.689138040907163685e+01 1.955368317013329715e+01 -1.689042974592820556e+01 3.518535311137883600e+16 3.518535311137887200e+16
1.079513786903051908e+01 -1.918150016850524509e+01 1.079663311984289109e+01 -1.918020140460686207e+01 3.518530125300244000e+16 3.518530125300244000e+16
1.022843369130063174e+01 -1.878960846356825698e+01 1.022704021447530565e+01 -1.879067704118178028e+01 3.518531267828218800e+16 3.518531267828218800e+16
1.081757186718946606e+01 -1.909150905714831481e+01 1.081527802145608774e+01 -1.909143237872322274e+01 3.518530696564016800e+16 3.518530696564016800e+16
1.082385445370894494e+01 -1.540163599167167519e+01 1.082305590163114850e+01 -1.540288767617870569e+01 3.518538777729837200e+16 3.518538777729837600e+16
1.047787243634990517e+01 -1.510970379422163923e+01 1.047716791076993381e+01 -1.510748715491563843e+01 3.518539944165406800e+16 3.518539944165407200e+16
1.606933986843868922e+01 -1.585682571828978737e+01 1.607084307724792538e+01 -1.585766454032861184e+01 3.518538203948710800e+16 3.518538203948710800e+16
1.535926787897501811e+01 -1.532291003901559456e+01 1.535766177230214424e+01 -1.532211013833780200e+01 3.518539368287604800e+16 3.518539368287605200e+16
1.205453754913561326e+01 -1.810563163132831832e+01 1.205559498389956552e+01 -1.810530507024851943e+01 3.518532992106713600e+16 3.518532992106714000e+16
1.144476382609799181e+01 -1.762929513461115150e+01 1.144737550618060773e+01 -1.762828658267540760e+01 3.518533566726628800e+16 3.518533566726634000e+16
1.127365105330707351e+01 -1.828813469599313279e+01 1.127483104657249413e+01 -1.828913510405298126e+01 3.518532416228732000e+16 3.518532416228732000e+16
1.148042999014381493e+01 -1.719353845793412816e+01 1.148048807326619958e+01 -1.719456545441167350e+01 3.518534720160085600e+16 3.518534720160085600e+16
1.112957704508764856e+01 -1.616566385031978825e+01 1.113083113481777175e+01 -1.616500086214316667e+01 3.518537034157743200e+16 3.518537034157743200e+16
1.615848733643166213e+01 -1.774497911252953131e+01 1.615880094789284627e+01 -1.774394385223974524e+01 3.518533574276323200e+16 3.518533574276324000e+16
1.601554125102041937e+01 -1.676381340221557892e+01 1.601575922898561544e+01 -1.676583767749586684e+01 3.518535883660025600e+16 3.518535883660026800e+16
1.666223790920228254e+01 -1.860916828161189684e+01 1.666410758215959120e+01 -1.860810563273587448e+01 3.518531851255873200e+16 3.518531851255873200e+16
1.607272683006591407e+01 -1.704416378818840272e+01 1.607548509594618125e+01 -1.704345752656293200e+01 3.518535305684849200e+16 3.518535305684855200e+16
1.679748838558623802e+01 -1.651181342381041617e+01 1.679571842921839675e+01 -1.651086008250788950e+01 3.518536463732344800e+16 3.518536463732344800e+16
1.233229838569687686e+01 -1.998660707682419968e+01 1.233224031606930282e+01 -1.998432468738236167e+01 3.518528419057260400e+16 3.518528419057260800e+16
1.260296827846890722e+01 -1.542622909583530166e+01 1.260369904508888439e+01 -1.542459132461434379e+01 3.518538780665852800e+16 3.518538780665852800e+16
1.273994862991694532e+01 -1.966925999560488592e+01 1.273790680799300823e+01 -1.967080043882215890e+01 3.518528988644034800e+16 3.518528988644035200e+16
1.286826437783679289e+01 -1.607096638801444399e+01 1.286670492453901637e+01 -1.606982718153355805e+01 3.518537617585045600e+16 3.518537617585046000e+16
1.245225588892212265e+01 -1.656783278670095427e+01 1.245050806591685522e+01 -1.656611301247084000e+01 3.518536456601722400e+16 3.518536456601722400e+16
1.205900502394336193e+01 -1.665963160891888251e+01 1.205747560068559032e+01 -1.665816879272012585e+01 3.518535877368692800e+16 3.518535877368693200e+16
1.231456149599565819e+01 -1.976745826847891863e+01 1.231540262412742592e+01 -1.976617176810909982e+01 3.518528987804804800e+16 3.518528987804805200e+16
1.759451164168896753e+01 -1.985888930751298886e+01 1.759678272030754798e+01 -1.985809130743236040e+01 3.518528996193113600e+16 3.518528996193126400e+16
1.780633547150491935e+01 -1.616484119355294169e+01 1.780744381302615409e+01 -1.616268604464474024e+01 3.518537045063046400e+16 3.518537045063046400e+16
1.751332915945811664e+01 -1.873014980439349486e+01 1.751493536618646729e+01 -1.872968309302367373e+01 3.518531279572616400e+16 3.518531279572616400e+16
1.781789400786813715e+01 -1.560362072670804778e+01 1.781974802208197062e+01 -1.560203707821321117e+01 3.518538789054121600e+16 3.518538789054128400e+16
1.395096879822205871e+01 -1.525092987199743000e+01 1.395000252839017030e+01 -1.525169802745046255e+01 3.518539365771169600e+16 3.518539365771169600e+16
1.348950879791111213e+01 -1.727849037811999722e+01 1.348893568611567950e+01 -1.728077746090717781e+01 3.518534723515421600e+16 3.518534723515422400e+16
1.313550656226639290e+01 -1.847045088807632496e+01 1.313475777776786479e+01 -1.847124948691330459e+01 3.518531845384260400e+16 3.518531845384260400e+16
1.329616535226554852e+01 -1.579521348732182595e+01 1.329465692167882196e+01 -1.579398114792308405e+01 3.518538199754546400e+16 3.518538199754548000e+16
1.313019651564528978e+01 -1.899196013304497299e+01 1.313026284372284636e+01 -1.899252259315563052e+01 3.518530700339261200e+16 3.518530700339261600e+16
1.381536965666116146e+01 -1.859617028270253059e+01 1.381395100110724705e+01 -1.859837124437966338e+01 3.518531846642159200e+16 3.518531846642159600e+16
1.365396189077078049e+01 -1.778215061702811894e+01 1.365343501002841364e+01 -1.778142548858308558e+01 3.518533570501338000e+16 3.518533570501338400e+16
1.314614537771937819e+01 -1.699868309215201023e+01 1.314804604906416685e+01 -1.699749938389549087e+01 3.518535301071140000e+16 3.518535301071147600e+16
1.339653448770152799e+01 -1.708217228142062538e+01 1.339756155165963847e+01 -1.708231798731849693e+01 3.518535301490396400e+16 3.518535301490396400e+16
1.369536139168810074e+01 -1.552286930517102981e+01 1.369670238648136262e+01 -1.552258094825431378e+01 3.518538782343410800e+16 3.518538782343410800e+16
1.017265009109208407e+01 -9.787077467755679550e+00 1.017360745113396625e+01 -9.788483858532206483e+00 3.518552336656130800e+16 3.518552336656130800e+16
1.068820660842410675e+01 -9.588222714811008629e+00 1.068924698018850705e+01 -9.590570780511379567e+00 3.518552933086066800e+16 3.518552933086066800e+16
1.009753827529776871e+01 -8.807635625891309772e+00 1.009706692402181716e+01 -8.809733828247685139e+00 3.518554721956776800e+16 3.518554721956776800e+16
3.522818441013407096e+02 -9.761337134643769176e+00 3.522823219914435526e+02 -9.758809843605154910e+00 3.518552902467801600e+16 3.518552902467801600e+16
3.521091082977617361e+02 -7.831251951577231196e+00 3.521090195922373596e+02 -7.832224582005206770e+00 3.518557683554804400e+16 3.518557683554804400e+16
3.520975678490561336e+02 -8.526090482582112884e+00 3.520951647974105754e+02 -8.525848715640561792e+00 3.518555887553904800e+16 3.518555887553904800e+16
3.521372649061623861e+02 -8.434670024388525533e+00 3.521369479250357131e+02 -8.436014819983110868e+00 3.518555887554062800e+16 3.518555887554063200e+16
3.521253846817721183e+02 -7.502116904046295609e+00 3.521235010724428207e+02 -7.501354835924892051e+00 3.518558283340456800e+16 3.518558283340457200e+16
3.527897220982499675e+02 -8.176875810658286170e+00 3.527885215345081065e+02 -8.174781032412983706e+00 3.518556486920196800e+16 3.518556486920203200e+16
3.571255376530253898e+02 -5.284940217816108010e+00 3.571248805096037131e+02 -5.283936186608920949e+00 3.518563699864503200e+16 3.518563699864503200e+16
3.571255376530253898e+02 -5.284940217816108010e+00 3.571278233112902853e+02 -5.284686219146760955e+00 3.518563699864503200e+16 3.518563699864503200e+16
3.570118703858599929e+02 -5.409985269971082644e+00 3.570095255868226332e+02 -5.408722748106218781e+00 3.518563097562607600e+16 3.518563097562607600e+16
3.572609902254199596e+02 -9.879338040394348042e+00 3.572617468823439140e+02 -9.878426637680799871e+00 3.518552315265452800e+16 3.518552315265453200e+16
3.575992574636757126e+02 -8.221190573948177871e+00 3.575995732644121290e+02 -8.218730243039459538e+00 3.518556494889252000e+16 3.518556494889252800e+16
3.579335555738043126e+02 -7.677816353335433774e+00 3.579314488831707877e+02 -7.678459191369400472e+00 3.518557693202016000e+16 3.518557693202016400e+16
3.575993354976703245e+02 -7.795505207350091226e+00 3.575991332184401585e+02 -7.796634103538568894e+00 3.518557692782322400e+16 3.518557692782322400e+16
3.574352204736642307e+02 -5.858167522349831735e+00 3.574365848885755099e+02 -5.857607268673471701e+00 3.518562496518584000e+16 3.518562496518584400e+16
3.572365865418207704e+02 -6.935459702540414995e+00 3.572375463815129706e+02 -6.936146353433524148e+00 3.518559491719546800e+16 3.518559491719547200e+16
3.571558523124406861e+02 -5.084933366870910021e+00 3.571535794382053268e+02 -5.085422638251847260e+00 3.518564302166486800e+16 3.518564302166486800e+16
3.578360606722393413e+02 -7.534474778273553497e+00 3.578333756574494373e+02 -7.535056195264218104e+00 3.518558292987269600e+16 3.518558292987269600e+16
3.538221891893603015e+02 -7.531661636371117297e+00 3.538243447006194060e+02 -7.532419678048662526e+00 3.518558286276388000e+16 3.518558286276388000e+16
3.538824364837971643e+02 -7.188420654972932589e+00 3.538810128490854368e+02 -7.188290936603060288e+00 3.518558886061966400e+16 3.518558886061966400e+16
3.537705959923081878e+02 -6.855129597173706735e+00 3.537727442635774082e+02 -6.854230362013238320e+00 3.518560086471516800e+16 3.518560086471519600e+16
3.534784989472572079e+02 -6.686027139394620455e+00 3.534781007435967126e+02 -6.684734818422822578e+00 3.518560086052410400e+16 3.518560086052410400e+16
3.584151782375874404e+02 -7.192685340356019807e+00 3.584125770596402276e+02 -7.192260308907123090e+00 3.518558893611742400e+16 3.518558893611743600e+16
3.584800200089489977e+02 -9.821673691074892076e+00 3.584812323261420488e+02 -9.820183651793799484e+00 3.518552912953446000e+16 3.518552912953448000e+16
3.583683973810406656e+02 -8.565741075780509917e+00 3.583688967625453188e+02 -8.566797345504737038e+00 3.518555898039599200e+16 3.518555898039599200e+16
3.582738448437177681e+02 -6.780913229748803950e+00 3.582729851942944492e+02 -6.781873783943069611e+00 3.518560094021362000e+16 3.518560094021362000e+16
3.582244179680361640e+02 -7.333787379572691556e+00 3.582230666455478172e+02 -7.332539291694363470e+00 3.518558893192086000e+16 3.518558893192086400e+16
3.582100487930748614e+02 -6.654182971833403570e+00 3.582109226228027978e+02 -6.655497667917911642e+00 3.518560093602179600e+16 3.518560093602180000e+16
3.581379235092686599e+02 -5.188604588554029284e+00 3.581381524228615945e+02 -5.187863495748239018e+00 3.518563701542362400e+16 3.518563701542362800e+16
3.586258132297690508e+02 -6.557915914040168381e+00 3.586280597280871802e+02 -6.556327726541129941e+00 3.518560695065101600e+16 3.518560695065102800e+16
3.542043571358574923e+02 -5.400185808005521615e+00 3.542051294151933121e+02 -5.398899764008649349e+00 3.518563092529514000e+16 3.518563092529514400e+16
3.544604689060698206e+02 -9.091138389614167536e+00 3.544615307384254379e+02 -9.089985386715841997e+00 3.518554696371478000e+16 3.518554696371478400e+16
3.547646725658580067e+02 -8.381688365649573313e+00 3.547656776264321934e+02 -8.380783002161564355e+00 3.518555892167913600e+16 3.518555892167914000e+16
3.545580395594023457e+02 -6.239761558931840923e+00 3.545576799613871799e+02 -6.242240346055144329e+00 3.518561288978675200e+16 3.518561288978675600e+16
3.545987996593362368e+02 -6.210584923026333470e+00 3.545974620632941310e+02 -6.210740538534662569e+00 3.518561288978741200e+16 3.518561288978741600e+16
3.549010088695423519e+02 -6.928507782506251544e+00 3.549002152370057956e+02 -6.926288756650514244e+00 3.518559487525167200e+16 3.518559487525170800e+16
3.541916412993571726e+02 -9.766887577933355047e+00 3.541891868263565470e+02 -9.766171180928630235e+00 3.518552905823234400e+16 3.518552905823234400e+16
3.540260723548740884e+02 -6.913694777578306194e+00 3.540259113443070760e+02 -6.915955626880231577e+00 3.518559486266986400e+16 3.518559486266986400e+16
3.591220249985925079e+02 -7.953509083737229979e+00 3.591227686188379948e+02 -7.954258420028169851e+00 3.518557096352458400e+16 3.518557096352458400e+16
3.599435641704876048e+02 -7.987693397316157018e+00 3.599427702507198319e+02 -7.988234540420216412e+00 3.518557097610684400e+16 3.518557097610684800e+16
3.599537373964674885e+02 -6.320403837574413153e+00 3.599561349862688644e+02 -6.319286461215755324e+00 3.518561297786614400e+16 3.518561297786620000e+16
3.559776519129757162e+02 -6.654026720874198553e+00 3.559776553495941585e+02 -6.654026720874198553e+00 3.518560089827339200e+16 3.518560090246755200e+16
3.550550573538529875e+02 -9.636385351700404556e+00 3.550532323884442008e+02 -9.634656544936129663e+00 3.518552907081807200e+16 3.518552907081814400e+16
3.550854521847030583e+02 -8.553366164963041030e+00 3.550831557342994529e+02 -8.553832416545098738e+00 3.518555892587045600e+16 3.518555892587045600e+16
3.554880915960679886e+02 -5.518632721354784998e+00 3.554870928956330545e+02 -5.519486821194734105e+00 3.518563095045914800e+16 3.518563095045914800e+16
3.568826343979446278e+02 -7.784510197612796389e+00 3.568841710678037771e+02 -7.782236466318712687e+00 3.518557691524084800e+16 3.518557691524089600e+16
3.559774935001976246e+02 -7.500497662472214166e+00 3.559789287758928253e+02 -7.500192444068800590e+00 3.518558290051343200e+16 3.518558290051343200e+16
3.566326032297929487e+02 -9.249202934219923122e+00 3.566340603445763122e+02 -9.247740662300055092e+00 3.518554102458174000e+16 3.518554102458174400e+16
3.564924720541777106e+02 -9.135482953546818052e+00 3.564929330812224180e+02 -9.134923697732249437e+00 3.518554102458364800e+16 3.518554102458365200e+16
3.568845018625467560e+02 -6.062168415536846489e+00 3.568851150967564081e+02 -6.060777201717407969e+00 3.518561894216634400e+16 3.518561894216634400e+16
3.503117049902029976e+02 -8.531724289752675716e+00 3.503109960460532761e+02 -8.531594191478474087e+00 3.518555884617865200e+16 3.518555884617865600e+16
3.506557688519631029e+02 -7.963432106637300834e+00 3.506548735213173700e+02 -7.961770010171195899e+00 3.518557082091800000e+16 3.518557082091800000e+16
3.510639790629477943e+02 -8.213468574757255780e+00 3.510655871956429905e+02 -8.211445064912615166e+00 3.518556483984053600e+16 3.518556483984053600e+16
8.239429996238095688e-01 -4.039448112551095704e+01 8.263102865934374153e-01 -4.039413853473576665e+01 3.518485813317166800e+16 3.518485813317166800e+16
6.032870476177628838e+00 -1.416101494925585946e+01 6.033872379479392478e+00 -1.416236222209911411e+01 3.518541691093341600e+16 3.518541691093341600e+16
6.321046447782369349e+00 -1.250701536199449038e+01 6.320748110097921035e+00 -1.250900606498477075e+01 3.518545806963723600e+16 3.518545806963724000e+16
2.348595899171994628e+00 -1.024791474717429551e+01 2.349069118489019559e+00 -1.025029545065039827e+01 3.518551133310434000e+16 3.518551133310434400e+16
2.391318324277655893e+00 -1.133910342935635107e+01 2.391763109471586990e+00 -1.134020558162616510e+01 3.518548757656442400e+16 3.518548757656442400e+16
2.183006018532684056e+00 -1.243531125215222666e+01 2.182142127500541928e+00 -1.243295033414708151e+01 3.518545800252929600e+16 3.518545800252933200e+16
7.934043940079722468e+00 -1.370689969144335052e+01 7.933050104732595642e+00 -1.370815635753853812e+01 3.518542866756748400e+16 3.518542866756748800e+16
7.854488544346390100e+00 -1.272889233688655253e+01 7.853406095161489908e+00 -1.273046307871471683e+01 3.518545219761214800e+16 3.518545219761214800e+16
6.955932727072175581e+00 -1.254724486716765774e+01 6.957388355497760912e+00 -1.254619973689242407e+01 3.518545808221964000e+16 3.518545808221964000e+16
7.512541036906636549e+00 -1.254069499432640455e+01 7.513455789635878013e+00 -1.254052858766156220e+01 3.518545809060830000e+16 3.518545809060830400e+16
7.120534122364635010e+00 -1.401384207435188323e+01 7.121669014840415812e+00 -1.401211388264866997e+01 3.518542279134598400e+16 3.518542279134598400e+16
7.412963509468187162e+00 -1.059087413271588929e+01 7.412492243404119385e+00 -1.058872644642980809e+01 3.518550546946545600e+16 3.518550546946545600e+16
6.894925054783613838e+00 -1.143753327075709691e+01 6.893450799377877303e+00 -1.143808830839690849e+01 3.518548172970732800e+16 3.518548172970733200e+16
3.396508300409626369e+00 -1.075982892797883039e+01 3.395488854130560341e+00 -1.076114905780248243e+01 3.518549946322319600e+16 3.518549946322320000e+16
3.357463111155217561e+00 -1.247161502002181876e+01 3.357537046655895363e+00 -1.247105521567614694e+01 3.518545802350115200e+16 3.518545802350115200e+16
8.597545068250408207e+00 -1.083231689111198826e+01 8.596099665170875426e+00 -1.083389902072815580e+01 3.518549954710816800e+16 3.518549954710816800e+16
8.644660550138571153e+00 -1.121664415397509273e+01 8.643014034271848445e+00 -1.121589170074092046e+01 3.518548767723008000e+16 3.518548767723008400e+16
8.179372355600168731e+00 -1.172438015308044257e+01 8.178443890224421864e+00 -1.172577038120876303e+01 3.518547582832132800e+16 3.518547582832133200e+16
8.115520858303389318e+00 -1.083988649501875479e+01 8.114441609728491045e+00 -1.084082941536693667e+01 3.518549953871963200e+16 3.518549953871963200e+16
8.513495073547291625e+00 -1.380862989375817484e+01 8.513261804988731640e+00 -1.380774229103970185e+01 3.518542868014808800e+16 3.518542868014809200e+16
8.798308724100838418e+00 -1.261923397858473805e+01 8.798892310721198484e+00 -1.261829357847364541e+01 3.518545811157818400e+16 3.518545811157818400e+16
8.590017613576559796e+00 -1.095150745384294133e+01 8.588670623993202469e+00 -1.095278382560989527e+01 3.518549360797584000e+16 3.518549360797584000e+16
8.074624494722087320e+00 -1.119255305952156121e+01 8.074885529830117648e+00 -1.119020886265999692e+01 3.518548766884211600e+16 3.518548766884212400e+16
8.208901364766459707e+00 -1.089935725191728011e+01 8.208712904860282933e+00 -1.089932825444698850e+01 3.518549360378242400e+16 3.518549360378242400e+16
9.782668031730844760e+00 -1.234130600931797161e+01 9.782255459178285761e+00 -1.234000722727168053e+01 3.518546403393613600e+16 3.518546403393613600e+16
9.145232309609742316e+00 -1.415693790996456691e+01 9.146982665181845107e+00 -1.415756806324857031e+01 3.518541696126564400e+16 3.518541696126564400e+16
9.957085537082010163e+00 -1.426427545275708830e+01 9.955109073955721755e+00 -1.426264767283990054e+01 3.518541697384668800e+16 3.518541697384671200e+16
9.835755621310253716e+00 -1.158973478891411979e+01 9.838464686639097678e+00 -1.158929072329201659e+01 3.518548177584189600e+16 3.518548177584190400e+16
9.749972885737777872e+00 -1.046906647423472769e+01 9.750245472523571877e+00 -1.047004687610720453e+01 3.518550550721634400e+16 3.518550550721634400e+16
9.447915991719495921e+00 -1.237932182918097901e+01 9.448398696819209519e+00 -1.237726732999955814e+01 3.518545811997152000e+16 3.518545811997152000e+16
9.069129581045375588e+00 -1.354725248329227760e+01 9.070483475877670898e+00 -1.354494983292357979e+01 3.518543456056310000e+16 3.518543456056316800e+16
9.347880321841479656e+00 -1.130882169119983516e+01 9.346583772317744732e+00 -1.130798826345665198e+01 3.518548768981130400e+16 3.518548768981130400e+16
9.198341111209966670e+00 -1.124212783521101500e+01 9.200129851289315042e+00 -1.124159713243402514e+01 3.518548768981246800e+16 3.518548768981247200e+16
9.536510262407425387e+00 -1.098843950397552760e+01 9.539147650609569595e+00 -1.098841013971286174e+01 3.518549362475289600e+16 3.518549362475295200e+16
9.988213027231733321e+00 -1.402046405548878916e+01 9.989123751005685392e+00 -1.402220325521299316e+01 3.518542283748326000e+16 3.518542283748326400e+16
4.534785816104201395e+00 -1.065915690660040482e+01 4.537112733202790515e+00 -1.066067165337635281e+01 3.518549948000216000e+16 3.518549948000216000e+16
4.658248986017339277e+00 -1.385826167180411872e+01 4.655847272664971115e+00 -1.385839213919218693e+01 3.518542861723272800e+16 3.518542861723273200e+16
4.498810321704768356e+00 -1.357201798761308531e+01 4.500056673082012182e+00 -1.357055793640837926e+01 3.518543448506460400e+16 3.518543448506460400e+16
3.209925843353010899e-01 -1.430919413463214696e+01 3.217558035395282068e-01 -1.430839772888061567e+01 3.518541681865614400e+16 3.518541681865614800e+16
5.638662983328485839e-02 -1.441808727315079075e+01 5.428017020439823703e-02 -1.441650118510663603e+01 3.518541095921468400e+16 3.518541095921468400e+16
5.380966872320824823e-01 -1.460147214680391592e+01 5.404972011106539131e-01 -1.460018743005116448e+01 3.518541096760149600e+16 3.518541096760151200e+16
3.958816753097988972e-01 -1.149535418520380681e+01 3.959347296224485224e-01 -1.149461605475613979e+01 3.518548162065471600e+16 3.518548162065471600e+16
2.729464572971855851e-01 -1.236506228071788804e+01 2.729616388135809868e-01 -1.236712222554475282e+01 3.518546387874627600e+16 3.518546387874628000e+16
3.617638590245009222e-02 -1.140907954350151599e+01 3.598441846338649996e-02 -1.140760870590942844e+01 3.518548161646217600e+16 3.518548161646217600e+16
5.229131629135862269e+00 -1.457711562883784495e+01 5.227117307999975537e+00 -1.457655660276863685e+01 3.518541104309964800e+16 3.518541104309964800e+16
5.227117307999975537e+00 -1.457655660276863685e+01 5.226515593391846792e+00 -1.457421544020641235e+01 3.518541104309964800e+16 3.518541104309965200e+16
5.728428566973567726e+00 -1.446009567985493582e+01 5.729392880024723134e+00 -1.445879463922836017e+01 3.518541105148980400e+16 3.518541105148980400e+16
5.639010563003062693e+00 -1.123553421195230939e+01 5.638921630440107080e+00 -1.123707406697319300e+01 3.518548763109259600e+16 3.518548763109260000e+16
5.750854793118414854e+00 -1.428105631141537835e+01 5.753422912816740009e+00 -1.428052016080022035e+01 3.518541690673742000e+16 3.518541690673743200e+16
5.028836950770469549e+00 -1.311845574273088388e+01 5.027714747534261619e+00 -1.311965247867859041e+01 3.518544626266947600e+16 3.518544626266947600e+16
1.566172202800731439e+00 -1.219600747861325729e+01 1.568611856098721891e+00 -1.219616956866732416e+01 3.518546389972072800e+16 3.518546389972073200e+16
1.759828699918505324e+00 -1.445772310939100080e+01 1.758005836725500703e+00 -1.445855075591304129e+01 3.518541098438101200e+16 3.518541098438101200e+16
1.776247426146476682e+00 -1.326574586699139857e+01 1.775214600207493110e+00 -1.326404363075807424e+01 3.518544031934265600e+16 3.518544031934265600e+16
1.115541107973091917e+00 -1.200674333057515142e+01 1.116050239502557551e+00 -1.200539136080877611e+01 3.518546979691135200e+16 3.518546979691135200e+16
1.519866319232903162e+00 -1.258427622609051966e+01 1.520638626131552318e+00 -1.258356574350995238e+01 3.518545798994406800e+16 3.518545798994406800e+16
1.299877393710982654e+00 -1.254057554714510481e+01 1.298583774225769094e+00 -1.253910098272262630e+01 3.518545798994492000e+16 3.518545798994492400e+16
1.405632996701328574e+00 -1.484791555419012532e+01 1.406507755032022633e+00 -1.484937692778168561e+01 3.518540513332440800e+16 3.518540513332440800e+16
1.362002781553865116e+00 -1.022482440864556708e+01 1.363739399255101237e+00 -1.022494505275526677e+01 3.518551131632777600e+16 3.518551131632777600e+16
1.285495132778579741e+00 -1.374185705452925177e+01 1.285344503206496070e+00 -1.374057850597404240e+01 3.518542855851431200e+16 3.518542855851432000e+16
1.492034950187306031e+00 -1.094489986719107577e+01 1.491371786570824920e+00 -1.094420141126286872e+01 3.518549349053564000e+16 3.518549349053564400e+16
1.121485402822477218e+00 -1.472729318670049636e+01 1.120165059177872013e+00 -1.472572223473002495e+01 3.518540512913119200e+16 3.518540512913120800e+16
3.573484176502494734e+02 -2.689192243647239522e+00 3.573492725956598974e+02 -2.689291842630849416e+00 3.518569730854424000e+16 3.518569730854424000e+16
3.576335269860385893e+02 -4.467646643900712533e+00 3.576321860967769339e+02 -4.469014082545512245e+00 3.518565507609689600e+16 3.518565507609689600e+16
3.576560773808297995e+02 -4.955152680835391621e+00 3.576549791054853245e+02 -4.953104806566845930e+00 3.518564303005562000e+16 3.518564303005566400e+16
3.589490004361799720e+02 -3.531144765501219140e+00 3.589475127052472772e+02 -3.531890511468318117e+00 3.518567922270381600e+16 3.518567922270381600e+16
3.587790993081645183e+02 -4.153679764751445624e+00 3.587791451472441508e+02 -4.154616670146632273e+00 3.518566112847905600e+16 3.518566112847906000e+16
3.589662668482031336e+02 -4.018594128846533664e+00 3.589654967086527790e+02 -4.020394235860527132e+00 3.518566715988605600e+16 3.518566715988605600e+16
3.583153574173003335e+02 -3.882016731773985541e+00 3.583166820760368978e+02 -3.881983379906111864e+00 3.518566715149921600e+16 3.518566715149922000e+16
3.589278168338837531e+02 -1.597605370852723583e+00 3.589285373337927467e+02 -1.597297315103292981e+00 3.518572753269618400e+16 3.518572753269619200e+16
3.546475090960283296e+02 -4.626498562019818017e+00 3.546450356388397722e+02 -4.625835756821755851e+00 3.518564900274633600e+16 3.518564900274634400e+16
3.592474117333901518e+02 -3.887349458457362683e+00 3.592489712857453696e+02 -3.888551082947520499e+00 3.518566716408272000e+16 3.518566716827778400e+16
3.591132565883442567e+02 -4.531450317280638629e+00 3.591142940889809552e+02 -4.530141945520040458e+00 3.518565510126199200e+16 3.518565510126199600e+16
3.591930702937264073e+02 -1.303729814634649653e+00 3.591933207483415913e+02 -1.302471432660602835e+00 3.518573357668982000e+16 3.518573357668982400e+16
3.595735655632335011e+02 -4.059112261764620255e-01 3.595741319624497123e+02 -4.055126854082191645e-01 3.518575170447597600e+16 3.518575170447598000e+16
3.596841011008375517e+02 -3.731199632942139743e+00 3.596844864519717362e+02 -3.733332751122493409e+00 3.518567320387916000e+16 3.518567320387916400e+16
3.594768203218115445e+02 -3.845011103377960815e+00 3.594761836044729648e+02 -3.843101903028934174e+00 3.518567319968218800e+16 3.518567319968218800e+16
3.592313840471118738e+02 -3.475545727901524273e+00 3.592329524600431796e+02 -3.473702552204618321e+00 3.518567922689985600e+16 3.518567922689994400e+16
3.590037114220027092e+02 -2.116931989819748505e+00 3.590046628626414531e+02 -2.115367565812880102e+00 3.518571545729455600e+16 3.518571545729455600e+16
3.560432876514899476e+02 -4.497587045133204953e+00 3.560415817059709980e+02 -4.497974662970534609e+00 3.518565505093074800e+16 3.518565505093075200e+16
3.569233070494602202e+02 -3.693166682070445184e+00 3.569231308159767764e+02 -3.690745383879860952e+00 3.518567315774168400e+16 3.518567315774168400e+16
3.568500345908151985e+02 -3.108357496890394867e+00 3.568491810490298235e+02 -3.107725797154922365e+00 3.518569126035488800e+16 3.518569126035489200e+16
3.566820715777146802e+02 -3.901966149269045392e+00 3.566839443096890818e+02 -3.903447747876652940e+00 3.518566712213888800e+16 3.518566712213889200e+16
2.101573685156654037e+01 -1.911839591389108506e+01 2.101761840761030342e+01 -1.911723947403885759e+01 3.518530712921710800e+16 3.518530712921711200e+16
2.065778368156995981e+01 -1.943168959221963377e+01 2.065759098633717272e+01 -1.943347449647499658e+01 3.518529570813295200e+16 3.518529570813296000e+16
2.140844095351198817e+01 -1.929600135977019804e+01 2.141057897017109468e+01 -1.929782497955090648e+01 3.518530142077146000e+16 3.518530142496575200e+16
2.186516461360991315e+01 -1.936478928174392422e+01 2.186525351477678214e+01 -1.936593069774425757e+01 3.518530142915825600e+16 3.518530142915825600e+16
1.489559425778012880e+01 -2.577031921138912196e+01 1.489309041076697504e+01 -2.576985507656760177e+01 3.518515619299636800e+16 3.518515619299645600e+16
1.045699116435424614e+01 -2.740980234328478815e+01 1.045887819231079874e+01 -2.741048311362219891e+01 3.518511830165811600e+16 3.518511830165812000e+16
1.001240366308293339e+01 -2.502291545022976393e+01 1.001258475687540539e+01 -2.502056202406164331e+01 3.518517250464473600e+16 3.518517250464474400e+16
1.014245441725856800e+01 -2.685028506770557755e+01 1.014220469377122136e+01 -2.685198879839915875e+01 3.518513443713909200e+16 3.518513443713909600e+16
1.087332752327331065e+01 -2.598006823623670769e+01 1.087112450188968538e+01 -2.597952387306226640e+01 3.518515069845940400e+16 3.518515069845940400e+16
1.029737766337465210e+01 -2.869692775292986298e+01 1.029996718511890563e+01 -2.869547354389448657e+01 3.518509165524290400e+16 3.518509165524295200e+16
1.106713303917891800e+01 -2.991566711296818681e+01 1.106705364060269936e+01 -2.991303964383829594e+01 3.518506533179170400e+16 3.518506533179171200e+16
1.199921179645992986e+01 -2.754239092828528968e+01 1.199918167261364133e+01 -2.754007658410850112e+01 3.518511832262475200e+16 3.518511832262475200e+16
1.158408088235871070e+01 -2.612396528220923742e+01 1.158362088658630817e+01 -2.612432490276211539e+01 3.518515070684370800e+16 3.518515070684371200e+16
1.176946868790215461e+01 -2.879740465952739470e+01 1.176967963564170283e+01 -2.879824892840963102e+01 3.518509167621130400e+16 3.518509167621130400e+16
1.256484513767803080e+01 -2.612026651079687767e+01 1.256375609136960847e+01 -2.611799920140472864e+01 3.518515072362101200e+16 3.518515072362102000e+16
1.289292992998425369e+01 -2.615414654616223444e+01 1.289112265706463489e+01 -2.615257541013037823e+01 3.518514530039189600e+16 3.518514530039194400e+16
1.220273667043007038e+01 -2.645108379901568441e+01 1.220402414040762196e+01 -2.644896428386739018e+01 3.518513986876784000e+16 3.518513986876788400e+16
1.294438278270148857e+01 -2.785871578529589598e+01 1.294624956119610637e+01 -2.785833027193428890e+01 3.518511298327394800e+16 3.518511298327394800e+16
1.324650684492516461e+01 -2.752441172582872042e+01 1.324548043892341020e+01 -2.752568622105179941e+01 3.518511834359669600e+16 3.518511834359669600e+16
1.384532594138182837e+01 -2.511536944262256554e+01 1.384542174824563610e+01 -2.511739759669960748e+01 3.518517256336204000e+16 3.518517256336204800e+16
1.294080643333066050e+01 -2.508708029396371941e+01 1.294040829353443556e+01 -2.508921816793283455e+01 3.518517255078001200e+16 3.518517255078001600e+16
3.520991774126694054e+02 -1.216145228521047983e+01 3.520995628628112399e+02 -1.216309062066822833e+01 3.518546965011253600e+16 3.518546965011253600e+16
3.524910285134180867e+02 -1.298316334448912990e+01 3.524912871353008654e+02 -1.298292160234940695e+01 3.518545194595358400e+16 3.518545194595358400e+16
3.525785619934441684e+02 -1.347336474609872958e+01 3.525769111325226390e+02 -1.347200565423583285e+01 3.518544017254354400e+16 3.518544017254356800e+16
3.526584466683084997e+02 -1.416946630334895652e+01 3.526573982553093174e+02 -1.416913329447675629e+01 3.518542255646717600e+16 3.518542255646718000e+16
3.527538452428998994e+02 -1.388934722824054546e+01 3.527546866282346514e+02 -1.388857783007676083e+01 3.518542842010481600e+16 3.518542842010481600e+16
3.527734690468801659e+02 -1.235618563476980292e+01 3.527748325187877754e+02 -1.235593498884731467e+01 3.518546965849744800e+16 3.518546965849744800e+16
3.521547988613624511e+02 -1.364091948321096659e+01 3.521563146139355922e+02 -1.363949982039430431e+01 3.518543428374188400e+16 3.518543428374188400e+16
3.522473191824830110e+02 -1.402957520380765288e+01 3.522458690327511022e+02 -1.402940230198484528e+01 3.518542841171323200e+16 3.518542841171323200e+16
3.527113285367027515e+02 -1.082340075075792818e+01 3.527123414943598618e+02 -1.082591829171922804e+01 3.518550522619600000e+16 3.518550522619600400e+16
3.531103842524668721e+02 -1.150531614936804203e+01 3.531089302880154150e+02 -1.150353439172256031e+01 3.518548742137665200e+16 3.518548742137667600e+16
3.578011298591594596e+02 -1.460451426533028929e+01 3.578032918504596864e+02 -1.460520060210978954e+01 3.518541677671255200e+16 3.518541677671255200e+16
3.570228226975659140e+02 -1.342202862203862423e+01 3.570244185755263970e+02 -1.342367482197777839e+01 3.518544024384649200e+16 3.518544024384649600e+16
3.578550354460782614e+02 -1.065746964475603065e+01 3.578528841026677014e+02 -1.065740192990684676e+01 3.518550531008455600e+16 3.518550531008455600e+16
3.574949702290763867e+02 -1.046576624414393564e+01 3.574966555543343247e+02 -1.046728450274668276e+01 3.518551125341266400e+16 3.518551125341266400e+16
3.576553136366471790e+02 -1.042753863216745103e+01 3.576555287999975121e+02 -1.042590286116642240e+01 3.518551125341351200e+16 3.518551125341351200e+16
3.538092379647517873e+02 -1.180589865333439548e+01 3.538099755452118984e+02 -1.180443828250223071e+01 3.518548151160145600e+16 3.518548151160145600e+16
3.541079784719171926e+02 -1.245954166192391099e+01 3.541063819173739375e+02 -1.245846046155712727e+01 3.518546377389152400e+16 3.518546377389155200e+16
3.536231475578617847e+02 -1.332277314447655492e+01 3.536229728905239540e+02 -1.332351843427563054e+01 3.518544607812105600e+16 3.518544607812106000e+16
3.531927002965916813e+02 -1.219841920218250308e+01 3.531923109394342077e+02 -1.219684204892881496e+01 3.518546966688909200e+16 3.518546966688909600e+16
3.580635198983677014e+02 -1.372645003360181981e+01 3.580660899334626492e+02 -1.372574165053548789e+01 3.518543438020852800e+16 3.518543438020853600e+16
3.580804763378920370e+02 -1.133384469049246235e+01 3.580784040267627688e+02 -1.133341003406644276e+01 3.518549343600705200e+16 3.518549343600705600e+16
3.584156530908533114e+02 -1.246126550796770260e+01 3.584157853277876029e+02 -1.245978489316219573e+01 3.518546384519450800e+16 3.518546384519450800e+16
3.582663315302279443e+02 -1.028838730636396903e+01 3.582658058840540889e+02 -1.028743689789876825e+01 3.518551721351744000e+16 3.518551721351744000e+16
3.547414583902986465e+02 -1.317882567744667099e+01 3.547403007465862288e+02 -1.318043354772759379e+01 3.518544609490148000e+16 3.518544609490148000e+16
3.550930198800651851e+02 -1.349620031796309405e+01 3.550926240339937863e+02 -1.349381442036120227e+01 3.518544021029152000e+16 3.518544021029159200e+16
3.546825761988575323e+02 -1.207425728695738520e+01 3.546824315302517334e+02 -1.207221231593490884e+01 3.518547560602100000e+16 3.518547560602100000e+16
3.544624833902784644e+02 -1.414420177273999180e+01 3.544646761049391444e+02 -1.414388942223167334e+01 3.518542258582745200e+16 3.518542258582745200e+16
3.540558442267565056e+02 -1.198450296012721061e+01 3.540540911553786714e+02 -1.198306925674788559e+01 3.518547559343982400e+16 3.518547559343982800e+16
3.545987927500436854e+02 -1.270435133605007927e+01 3.545973505576702109e+02 -1.270555557278598435e+01 3.518545787669990400e+16 3.518545787669990400e+16
3.596229171151764490e+02 -1.181912657722681637e+01 3.596219655890589593e+02 -1.182158645510863515e+01 3.518548160807018800e+16 3.518548160807019200e+16
3.593235370163624225e+02 -1.034797522202095443e+01 3.593247283235461964e+02 -1.034824423275213157e+01 3.518551723029364000e+16 3.518551723029364800e+16
3.592810445731013829e+02 -1.452954983493992636e+01 3.592788444682119575e+02 -1.452905955473944211e+01 3.518541680187963600e+16 3.518541680187968800e+16
3.590236152885547654e+02 -1.018872020685867419e+01 3.590236875556089444e+02 -1.018671715603534977e+01 3.518551722610273200e+16 3.518551722610273200e+16
3.593316409647506475e+02 -1.179809574234112191e+01 3.593325533355438210e+02 -1.179675822031519417e+01 3.518548160387631600e+16 3.518548160387631600e+16
3.592681255457044358e+02 -1.057051335395644642e+01 3.592671490663335589e+02 -1.057228725700068495e+01 3.518551128277085600e+16 3.518551128277086000e+16
3.589839351209308802e+02 -1.136467312186486289e+01 3.589840371854851924e+02 -1.136325489012022238e+01 3.518549345278378400e+16 3.518549345278378800e+16
3.599475180499260318e+02 -1.273468272522277545e+01 3.599476283292858056e+02 -1.273215053651929551e+01 3.518545796477996400e+16 3.518545796477996800e+16
3.557387727052044397e+02 -1.080801746313449918e+01 3.557383914498719832e+02 -1.081015863648429765e+01 3.518550527652788400e+16 3.518550527652788800e+16
3.556982225162280997e+02 -1.397876129415547730e+01 3.556980825297849265e+02 -1.397639559371204321e+01 3.518542847043443200e+16 3.518542847043448000e+16
3.555052961687446782e+02 -1.494833627842086443e+01 3.555066991380385275e+02 -1.494617256517016202e+01 3.518540503685670000e+16 3.518540503685672800e+16
3.548846310570156106e+02 -1.326428208780157725e+01 3.548857809505298064e+02 -1.326540744368397640e+01 3.518544609909389600e+16 3.518544609909389600e+16
3.555799420594217395e+02 -1.196088288573196756e+01 3.555805915869192404e+02 -1.195924225707155841e+01 3.518547561860609200e+16 3.518547561860609200e+16
3.549257749054184501e+02 -1.031620221813838612e+01 3.549266230811188052e+02 -1.031662656739101536e+01 3.518551715899127600e+16 3.518551715899128000e+16
3.552350205997092303e+02 -1.237806990343975855e+01 3.552367545526180947e+02 -1.237634790369446769e+01 3.518546379486443200e+16 3.518546379486443600e+16
3.554506810942399966e+02 -1.131794623549954082e+01 3.554504834410049625e+02 -1.131595737111397071e+01 3.518549339406449200e+16 3.518549339406449200e+16
3.554833264420973933e+02 -1.049634090479482751e+01 3.554812873462590233e+02 -1.049692494542339638e+01 3.518551121985802400e+16 3.518551121985802400e+16
3.566455967804687930e+02 -1.343122938039582159e+01 3.566433529941143661e+02 -1.343134969145258850e+01 3.518544023545838800e+16 3.518544023545838800e+16
3.559743444178196228e+02 -1.209478985229459091e+01 3.559722925219783747e+02 -1.209572884450401631e+01 3.518547562699206000e+16 3.518547562699206400e+16
3.560544819734195130e+02 -1.129992346429972194e+01 3.560549479313780807e+02 -1.129827108825181092e+01 3.518549340245351200e+16 3.518549340245351200e+16
3.568755390063125787e+02 -1.060805589505641677e+01 3.568753460895531475e+02 -1.060920602262655521e+01 3.518551124082735200e+16 3.518551124082735600e+16
3.568042571027558552e+02 -1.302964040189113781e+01 3.568055758334107281e+02 -1.302744779130840413e+01 3.518545201725610400e+16 3.518545201725618800e+16
3.567325911780370120e+02 -1.433002431363511064e+01 3.567332401231552126e+02 -1.433067812543629671e+01 3.518542262357259600e+16 3.518542262357259600e+16
3.567677923015685906e+02 -1.084607970963595314e+01 3.567678008140600809e+02 -1.084378726105457602e+01 3.518550529330441600e+16 3.518550529330442000e+16
3.506257382061315866e+02 -1.414217856966730302e+01 3.506233447932139029e+02 -1.414219778685278150e+01 3.518542252291418400e+16 3.518542252291418800e+16
3.508895311007228202e+02 -1.067166806731358797e+01 3.508904235305180919e+02 -1.066911582217577603e+01 3.518550519683947200e+16 3.518550519683950400e+16
3.509269988482374174e+02 -1.357975227909455995e+01 3.509251225982586675e+02 -1.357905469767000106e+01 3.518544014318071200e+16 3.518544014318071600e+16
3.509959451844854357e+02 -1.345962817446685023e+01 3.509966914034968681e+02 -1.345931348305780340e+01 3.518544014318323200e+16 3.518544014318323200e+16
3.507082974649512153e+02 -1.214226646270142673e+01 3.507092262104333145e+02 -1.214387410603697148e+01 3.518546962494733600e+16 3.518546962494733600e+16
3.501823480010944536e+02 -1.285913861517753176e+01 3.501809872494846445e+02 -1.285890162287867255e+01 3.518545780539418400e+16 3.518545780539418400e+16
3.502596002986495591e+02 -1.323203803491652941e+01 3.502604324623187608e+02 -1.322960965322979554e+01 3.518544602359682400e+16 3.518544602359693600e+16
3.503599379077602975e+02 -1.438567779836671257e+01 3.503578914818814951e+02 -1.438422585227472972e+01 3.518541665508215200e+16 3.518541665508218000e+16
3.500357779158869107e+02 -1.468644750950528000e+01 3.500338082713858512e+02 -1.468597934572866492e+01 3.518541079563880000e+16 3.518541079563880000e+16
3.510105393819846427e+02 -1.172540325068084677e+01 3.510094489033219816e+02 -1.172583558598323705e+01 3.518548146546590000e+16 3.518548146546590400e+16
3.518346175160153848e+02 -1.018709575835937464e+01 3.518363588280668068e+02 -1.018837331357661391e+01 3.518551710446749600e+16 3.518551710446749600e+16
3.517392224492181185e+02 -1.297099247203332517e+01 3.517399303032014473e+02 -1.297189296634723554e+01 3.518545193337118000e+16 3.518545193337118400e+16
3.518568608396757895e+02 -1.304570124670875408e+01 3.518585672086675231e+02 -1.304485741150400102e+01 3.518545193756402800e+16 3.518545193756402800e+16
3.514384257748743039e+02 -1.427011298414099549e+01 3.514406983643032731e+02 -1.426862300776779335e+01 3.518542253549370400e+16 3.518542253549374000e+16
3.519657493047751586e+02 -1.177084245775791871e+01 3.519657271477634595e+02 -1.177295378222566313e+01 3.518548148224183600e+16 3.518548148224183600e+16
3.516041147732536274e+02 -1.088989824862508549e+01 3.516050422512275873e+02 -1.089152595874086771e+01 3.518549926609371600e+16 3.518549926609371600e+16
3.512010935518192127e+02 -1.491198495104677235e+01 3.512023105924135962e+02 -1.491024132249799905e+01 3.518540496555491600e+16 3.518540496555492000e+16
3.519820819446910605e+02 -1.219982032941104677e+01 3.519832453338484015e+02 -1.220146797802328287e+01 3.518546964591767600e+16 3.518546964591768000e+16
3.510253125655309532e+02 -1.376767575736954718e+01 3.510261264001288168e+02 -1.376736640722001503e+01 3.518543426696210800e+16 3.518543426696210800e+16
3.516812696170119352e+02 -1.058214126094586938e+01 3.516799091416708620e+02 -1.058095798539617505e+01 3.518551115694169600e+16 3.518551115694170400e+16
6.591874168777933640e+00 -2.593290072654871281e+01 6.592508285578930760e+00 -2.593119893079097693e+01 3.518515063135174800e+16 3.518515063135174800e+16
6.950893641889185126e+00 -2.829885023889949025e+01 6.950623425641607511e+00 -2.829613245736749860e+01 3.518510222488594400e+16 3.518510222488604800e+16
6.203174865250451475e+00 -2.810410996022505614e+01 6.205466963699095118e+00 -2.810226046150775048e+01 3.518510753906750400e+16 3.518510753906756000e+16
6.103326108375258130e+00 -2.788739508509102549e+01 6.103062921262625729e+00 -2.788475379976467039e+01 3.518510753907407200e+16 3.518510753907408000e+16
5.995295784086295932e+00 -2.861246209957930375e+01 5.997134439857529919e+00 -2.861184987125361801e+01 3.518509689392372800e+16 3.518509689392372800e+16
6.381208341849455401e+00 -2.743678589765734799e+01 6.380385786368082179e+00 -2.743444227117299405e+01 3.518511823874186800e+16 3.518511823874201600e+16
7.154129286799049581e+00 -2.551751447399364991e+01 7.153849880271754280e+00 -2.551576397886891456e+01 3.518516152815127600e+16 3.518516152815128000e+16
3.976944439562994926e+00 -2.892311913347068142e+01 3.975271439267688667e+00 -2.892342740444490801e+01 3.518508626556304800e+16 3.518508626556304800e+16
3.462108778347836147e+00 -2.734794678059937212e+01 3.463840952066496115e+00 -2.734574292604124324e+01 3.518512356550294800e+16 3.518512356550298400e+16
2.921389176733356408e+00 -2.924734156519091144e+01 2.921079248537640449e+00 -2.924600456406692217e+01 3.518508097654264000e+16 3.518508097654264400e+16
3.023415992427097798e+00 -2.950524250575686480e+01 3.024131120334557998e+00 -2.950368381528865314e+01 3.518507570849731200e+16 3.518507570849731200e+16
8.330631752539069623e+00 -2.853167486263640740e+01 8.328824154453753792e+00 -2.853207457968844452e+01 3.518509692748010400e+16 3.518509692748011200e+16
8.625837279872097696e+00 -2.929560192213361347e+01 8.626548259417385012e+00 -2.929433587302475672e+01 3.518508106042784800e+16 3.518508106042784800e+16
8.624711987408533176e+00 -2.870800557256011842e+01 8.626243928017482077e+00 -2.870990289351928837e+01 3.518509163007674000e+16 3.518509163007674400e+16
8.382719548273467325e+00 -2.888948927338008588e+01 8.381614711204964152e+00 -2.888703469500332233e+01 3.518508633267206400e+16 3.518508633267207200e+16
8.584700903850341902e+00 -2.733624860383266864e+01 8.584862724969736902e+00 -2.733363160091624522e+01 3.518512364100101200e+16 3.518512364100105200e+16
9.492942494336988446e+00 -2.966979433929972032e+01 9.493508673535119513e+00 -2.966999254938042441e+01 3.518507055369928800e+16 3.518507055369929200e+16
9.093410643028985163e+00 -2.809016313207694537e+01 9.092005094329429937e+00 -2.808868468086307502e+01 3.518510758520518000e+16 3.518510758520518000e+16
9.978202311020492488e+00 -2.742213038217661136e+01 9.976071432586163468e+00 -2.742288174723850602e+01 3.518511829326790800e+16 3.518511829326790800e+16
9.976071432586163468e+00 -2.742288174723850602e+01 9.975371315051040355e+00 -2.742040962330225895e+01 3.518511829326790800e+16 3.518511829326799200e+16
9.882882456760434309e+00 -2.524441778003532377e+01 9.881032176339232365e+00 -2.524248970468021014e+01 3.518516703107860000e+16 3.518516703107860000e+16
4.444150868246597774e+00 -2.666596681630652910e+01 4.442379304408929031e+00 -2.666713593990866826e+01 3.518513434906065600e+16 3.518513434906065600e+16
4.376215103962350028e+00 -2.848744936718301446e+01 4.378180845152144229e+00 -2.848658284545669162e+01 3.518509686876100400e+16 3.518509686876100400e+16
5.180249531743305269e+00 -2.909453079505010109e+01 5.179933473965951940e+00 -2.909697248893238353e+01 3.518508628652925600e+16 3.518508628652925600e+16
5.744210554142221703e+00 -2.857508995398909946e+01 5.744911538937844675e+00 -2.857553296302003787e+01 3.518509688973028000e+16 3.518509688973028000e+16
5.505993377696229096e+00 -2.503886566386264789e+01 5.507171228679331065e+00 -2.503853051559284282e+01 3.518517243753444800e+16 3.518517243753444800e+16
3.466658406994817483e+02 -1.535971972403261177e+01 3.466667440089146339e+02 -1.536004360704138882e+01 3.518539905577799600e+16 3.518539905577799600e+16
3.464589947361115492e+02 -1.500966877604059491e+01 3.464615128653549050e+02 -1.500998112255694394e+01 3.518540489005672000e+16 3.518540489005672400e+16
3.483046351508756970e+02 -1.535633882477303835e+01 3.483058047740294683e+02 -1.535397885966219000e+01 3.518539908094386000e+16 3.518539908094388000e+16
3.491850592694269722e+02 -1.504769104510955380e+01 3.491836855488984952e+02 -1.504692510369197400e+01 3.518540493619306000e+16 3.518540493619306400e+16
3.450518133830663601e+02 -1.505905537705764452e+01 3.450542472628165456e+02 -1.505970997410858381e+01 3.518540486908431200e+16 3.518540486908431200e+16
3.590128224571977853e+02 -3.676925560127870085e+01 3.590104614302086361e+02 -3.676797131405373165e+01 3.518493379002576000e+16 3.518493379002579200e+16
3.596225582373447764e+02 -3.944685880970648384e+01 3.596211589018422501e+02 -3.944758870661527794e+01 3.518488131089531200e+16 3.518488131089546000e+16
3.599311129959098707e+02 -3.643939869069659210e+01 3.599297501411058988e+02 -3.644056609666751001e+01 3.518493866800304000e+16 3.518493866800304400e+16
3.599312194267724863e+02 -3.915674144577292992e+01 3.599310342776133211e+02 -3.915454528005586354e+01 3.518488600432274400e+16 3.518488600432280000e+16
3.591330387832122710e+02 -3.915886923455966695e+01 3.591338989034509837e+02 -3.915987789074324610e+01 3.518488599593369600e+16 3.518488599593374400e+16
1.822338406616228212e+01 -2.164613724334959599e+01 1.822400904120682696e+01 -2.164489830982357788e+01 3.518524475153564400e+16 3.518524475153565600e+16
1.844112548242567584e+01 -2.040513033767302886e+01 1.844268412114145050e+01 -2.040662916853047193e+01 3.518527294564574800e+16 3.518527294564574800e+16
1.448759722535790928e+01 -2.055871924502740100e+01 1.449006585017467330e+01 -2.055758466251459282e+01 3.518527288272700400e+16 3.518527288272700400e+16
1.474640477735171551e+01 -2.278876316072380348e+01 1.474411623116212589e+01 -2.278810311753955631e+01 3.518522232458679600e+16 3.518522232458680000e+16
1.482959776017898079e+01 -2.243789587836084465e+01 1.482986187686220703e+01 -2.243887640854948984e+01 3.518522790301429200e+16 3.518522790301429600e+16
1.432051671396037307e+01 -2.010571969959962857e+01 1.431981051378065750e+01 -2.010462179858998866e+01 3.518528421992911600e+16 3.518528421992911600e+16
1.483674848394079859e+01 -2.171800979217452010e+01 1.483615760914068993e+01 -2.171873512954703500e+01 3.518524470120122400e+16 3.518524470120124000e+16
1.477016711406057858e+01 -2.336644291752102021e+01 1.477221573066465155e+01 -2.336502364713576085e+01 3.518521119290197600e+16 3.518521119290197600e+16
1.934783059886874668e+01 -2.098456943989592816e+01 1.935008354205122671e+01 -2.098507946347477215e+01 3.518526165877196000e+16 3.518526165877196000e+16
1.026685220563917333e+01 -2.388282212350730305e+01 1.026755269097704648e+01 -2.388467812178688376e+01 3.518519451216199200e+16 3.518519451216199200e+16
1.061734012034827401e+01 -2.382196975502494851e+01 1.061807136443941069e+01 -2.382109271423383134e+01 3.518520004444322800e+16 3.518520004444323200e+16
1.058191559040140461e+01 -2.439714079820933890e+01 1.058375370717315889e+01 -2.439584245541202634e+01 3.518518349372579200e+16 3.518518349372579600e+16
1.017411428295231524e+01 -2.424927280445126243e+01 1.017247001154149011e+01 -2.424700933563376282e+01 3.518518899245457600e+16 3.518518899245461600e+16
1.004553529767980002e+01 -2.088300995407305649e+01 1.004503875321253581e+01 -2.088140923114575642e+01 3.518526151197372400e+16 3.518526151197372400e+16
1.564273137409169578e+01 -2.015956346151434531e+01 1.564258889672386488e+01 -2.015704464447313882e+01 3.518527856181905200e+16 3.518527856181905600e+16
1.581243519901097905e+01 -2.400231891795368711e+01 1.581506970484319119e+01 -2.400106776317172930e+01 3.518519459604438000e+16 3.518519459604438400e+16
1.570092743922024070e+01 -2.184706695344178229e+01 1.570083109373757324e+01 -2.184613091738095747e+01 3.518524471378000400e+16 3.518524471378000800e+16
1.586224192099516550e+01 -2.249748949873080051e+01 1.586034535553371150e+01 -2.249604720939668923e+01 3.518522791979031200e+16 3.518522791979031600e+16
1.156484630417831028e+01 -2.211757661515480677e+01 1.156572299598766840e+01 -2.211684089131474806e+01 3.518523903469180800e+16 3.518523903469180800e+16
1.127187665388550109e+01 -2.117081391318760097e+01 1.127318694106775077e+01 -2.116982655644653022e+01 3.518525589579895200e+16 3.518525589579895200e+16
1.096959040271204522e+01 -2.424748271303281655e+01 1.096780734645518507e+01 -2.424887188427005569e+01 3.518518900503710400e+16 3.518518900503711200e+16
1.119383344423821747e+01 -2.178425585784232865e+01 1.119494312767666599e+01 -2.178236136985767857e+01 3.518524464247856000e+16 3.518524464247856400e+16
1.106924948922859464e+01 -2.400062296004658435e+01 1.106872931526765669e+01 -2.399828181540657468e+01 3.518519452474120000e+16 3.518519452474126400e+16
1.182675516359237378e+01 -2.094903397039927029e+01 1.182584038346314870e+01 -2.094938812914088544e+01 3.518526154133194400e+16 3.518526154133194800e+16
1.647772999949570405e+01 -2.028746617926151785e+01 1.647985373928673880e+01 -2.028770641734956470e+01 3.518527857439824800e+16 3.518527857439824800e+16
1.607683254310628840e+01 -2.057424199042747759e+01 1.607712099548784224e+01 -2.057245078231843394e+01 3.518527290789237200e+16 3.518527290789237200e+16
1.613087595025139009e+01 -2.150121633720018366e+01 1.613145740320690535e+01 -2.150155889462653391e+01 3.518525034253939200e+16 3.518525034253939600e+16
1.594472242774376447e+01 -2.484791405033700684e+01 1.594550627045304125e+01 -2.484776412035713378e+01 3.518517808306682000e+16 3.518517808306682000e+16
1.272944684039011598e+01 -2.276763362648260625e+01 1.272687310275909667e+01 -2.276851020760472721e+01 3.518522229522710000e+16 3.518522229522710000e+16
1.297893995789888777e+01 -2.018443358989977199e+01 1.297664520761354723e+01 -2.018277152009421016e+01 3.518527851987530800e+16 3.518527851987534000e+16
1.291543292609348015e+01 -2.409069715521272670e+01 1.291807181369112456e+01 -2.409147340141919713e+01 3.518519455409896000e+16 3.518519455409896400e+16
1.251362113225710360e+01 -2.030037386784844955e+01 1.251371671774538541e+01 -2.029791221056225581e+01 3.518527851567732800e+16 3.518527851567737600e+16
1.273488429909308195e+01 -2.234674270162737386e+01 1.273433921296738447e+01 -2.234587454220324787e+01 3.518523346046234800e+16 3.518523346046235200e+16
1.224148285557559923e+01 -2.283393814171956393e+01 1.223972988412095120e+01 -2.283231003484516819e+01 3.518522228683685600e+16 3.518522228683686400e+16
1.252703949734576305e+01 -2.382220358038351193e+01 1.252838024193951583e+01 -2.382360965219169202e+01 3.518520007380330000e+16 3.518520007380331200e+16
1.227162440213954575e+01 -2.340926101572954465e+01 1.227193348459883282e+01 -2.340971530185999683e+01 3.518520561028950800e+16 3.518520561028950800e+16
1.770633290296022366e+01 -2.140513133635712251e+01 1.770784827626633984e+01 -2.140406801847220564e+01 3.518525036770796800e+16 3.518525036770798400e+16
1.726018209551604699e+01 -2.341632067962563468e+01 1.725834287442394199e+01 -2.341677099294435749e+01 3.518520568578663600e+16 3.518520568578663600e+16
1.758799189783228911e+01 -2.029910642796110665e+01 1.759049836601903749e+01 -2.029820614266479595e+01 3.518527859536910800e+16 3.518527859536912400e+16
1.334459019111613820e+01 -2.283919614112791407e+01 1.334322326024883765e+01 -2.283971132301727991e+01 3.518522230361404400e+16 3.518522230361404400e+16
1.323793503197145149e+01 -2.113040980211773956e+01 1.323992711339252359e+01 -2.113095261982405759e+01 3.518525592516132800e+16 3.518525592516133600e+16
1.343465589709044750e+01 -2.020948188864651129e+01 1.343528200014057816e+01 -2.020937529983451242e+01 3.518527852826297600e+16 3.518527852826297600e+16
1.343465589709044750e+01 -2.020948188864651129e+01 1.343549873316873899e+01 -2.020916932079543926e+01 3.518527852826297600e+16 3.518527852826297600e+16
1.343528200014057816e+01 -2.020937529983451242e+01 1.343549873316873899e+01 -2.020916932079543926e+01 3.518527852826297600e+16 3.518527852826297600e+16
1.338174736738537973e+01 -2.182623850475561511e+01 1.338138987898304322e+01 -2.182870123452234168e+01 3.518524467603174000e+16 3.518524467603174400e+16
1.349867918002373557e+01 -2.397332560932630230e+01 1.349898245656575746e+01 -2.397396030846441661e+01 3.518519456249072800e+16 3.518519456249073200e+16
1.312785176080844529e+01 -2.271395657682108293e+01 1.312533336534807837e+01 -2.271462262998870330e+01 3.518522229942290800e+16 3.518522229942291600e+16
1.351864746960428931e+01 -2.371701381435660494e+01 1.351965010103849529e+01 -2.371922901091603464e+01 3.518520009058397600e+16 3.518520009058397600e+16
6.946512171219336729e+00 -8.343625387501544921e+00 6.946431909304545016e+00 -8.344400297868306282e+00 3.518555912300186400e+16 3.518555912300186800e+16
6.995071794885243222e+00 -9.811369203419706864e+00 6.992720987916694497e+00 -9.811260519654497969e+00 3.518552331203497200e+16 3.518552331203498400e+16
6.720088027688098542e+00 -7.190246920823738286e+00 6.720978876101620259e+00 -7.189921862272815822e+00 3.518558307667521600e+16 3.518558307667522000e+16
6.437189356382051031e+00 -8.136444019881063028e+00 6.439247658521068729e+00 -8.138085924517637793e+00 3.518555911461618400e+16 3.518555911461618800e+16
6.496970971332723721e+00 -9.184007254862819991e+00 6.497234535188394666e+00 -9.185496483812038093e+00 3.518553522386094000e+16 3.518553522386094800e+16
6.676055827384363539e+00 -7.734704665117073219e+00 6.676618939762080984e+00 -7.732550655629164105e+00 3.518557108935293600e+16 3.518557108935297600e+16
6.095995815576221943e+00 -8.603102868771831169e+00 6.095568675435983685e+00 -8.600691064824960819e+00 3.518555312934131200e+16 3.518555312934134400e+16
6.078209341816602773e+00 -8.533697416817371817e+00 6.078546151549129029e+00 -8.531269709149194469e+00 3.518555312934234400e+16 3.518555312934234800e+16
6.529420009135863623e+00 -8.078411849405670253e+00 6.530133577413090862e+00 -8.078939237506169491e+00 3.518556509569096000e+16 3.518556509569096000e+16
2.781330981926354085e+00 -5.148065897782569067e+00 2.783822637941581579e+00 -5.147948079372423713e+00 3.518563107209895600e+16 3.518563107209898400e+16
2.310625057708830976e+00 -9.405648614018826237e+00 2.308862192041234884e+00 -9.405798508858186580e+00 3.518552919245244400e+16 3.518552919245244800e+16
2.834612302987248089e+00 -8.764535938726787379e+00 2.834355387049551478e+00 -8.764076020775705800e+00 3.518554710212840800e+16 3.518554710212841200e+16
2.286841045028775277e+00 -8.318829824869835576e+00 2.286402412528312666e+00 -8.316717290971563870e+00 3.518555904750509600e+16 3.518555904750510000e+16
2.275190008860675572e+00 -5.340090948988526875e+00 2.276814244205532134e+00 -5.338193357430560226e+00 3.518563106370470400e+16 3.518563106370476400e+16
7.775740703228752437e+00 -8.266484452537902428e+00 7.776842003752514110e+00 -8.268104685405141652e+00 3.518555913558578400e+16 3.518555913558578800e+16
7.633646126797638765e+00 -7.699006675430393187e+00 7.634616075923863043e+00 -7.700773370189096134e+00 3.518557110613153200e+16 3.518557110613153200e+16
7.450016410599065608e+00 -9.941916383713106597e+00 7.450191383705003112e+00 -9.944330402919788980e+00 3.518551736451370400e+16 3.518551736451370400e+16
7.999717490572073153e+00 -9.049109111072944245e+00 7.997774391613030609e+00 -9.047320307803428108e+00 3.518554121332504800e+16 3.518554121332505600e+16
7.304195455854639363e+00 -8.289744599153413773e+00 7.302865377638772415e+00 -8.288765392094898488e+00 3.518555912719694000e+16 3.518555912719694400e+16
3.547961385484752928e+00 -6.113795869248264125e+00 3.548138875310764107e+00 -6.114849706837094168e+00 3.518561304077963200e+16 3.518561304077967200e+16
3.421390745784024467e+00 -8.383491480105133675e+00 3.420765773846914826e+00 -8.384400256442381405e+00 3.518555308320770400e+16 3.518555308320770400e+16
3.151964843887960832e+00 -9.543253382484667924e+00 3.151246790622018512e+00 -9.545735412983646029e+00 3.518552920503252400e+16 3.518552920503252800e+16
3.147153715148385711e+00 -8.442489165940200380e+00 3.148237694959830968e+00 -8.441652176043811906e+00 3.518555307901229200e+16 3.518555307901229600e+16
8.999871598319161947e+00 -7.858321682344365122e+00 8.998271069637326036e+00 -7.859631127851462118e+00 3.518557112709966400e+16 3.518557112709967200e+16
8.554510859122721911e+00 -9.509941491734245744e+00 8.555162370139164807e+00 -9.508190993446559602e+00 3.518552929311355200e+16 3.518552929311356000e+16
8.648566718091002414e+00 -7.371318629028857927e+00 8.649255860542339747e+00 -7.369283796300617695e+00 3.518558311022602400e+16 3.518558311022602800e+16
9.599397803019771303e+00 -9.010059146197653135e+00 9.600963810289519174e+00 -9.009630628861577506e+00 3.518554123849172000e+16 3.518554123849172000e+16
4.687056898468750177e+00 -5.506322573307429913e+00 4.686668341165082019e+00 -5.505419051710367384e+00 3.518562508682389600e+16 3.518562508682389600e+16
4.802094328572520610e+00 -8.412503305873862303e+00 4.799668377598051094e+00 -8.412490291990515345e+00 3.518555310837244800e+16 3.518555310837245600e+16
4.947098959165847631e+00 -6.909519784765152828e+00 4.945631458095558486e+00 -6.909477244122160577e+00 3.518558904517132400e+16 3.518558904517132400e+16
4.230225916955567378e+00 -5.153703537776848087e+00 4.232717247929641324e+00 -5.153345870849106447e+00 3.518563109306989600e+16 3.518563109306990400e+16
8.227120806735042091e-01 -7.351839894356364979e+00 8.219783645458521582e-01 -7.353400744972225844e+00 3.518558298020296000e+16 3.518558298020296400e+16
9.681538517570864588e-01 -5.127742876138124295e+00 9.691253168219495784e-01 -5.127281897728203752e+00 3.518563103854453600e+16 3.518563103854453600e+16
9.243228722167722289e-01 -9.847798186074745885e+00 9.236276631942711424e-01 -9.847064634183190890e+00 3.518552321137113600e+16 3.518552321137113600e+16
1.211683109030313454e-01 -5.547150276984549322e+00 1.216261094973521140e-01 -5.549335912352150402e+00 3.518562501132458800e+16 3.518562501132458800e+16
5.262836764281829005e+00 -8.169263208922277641e+00 5.262261892758679949e+00 -8.167719035290218699e+00 3.518555909364480000e+16 3.518555909364480000e+16
5.114273755148378342e+00 -5.250517642382316552e+00 5.113027096602587029e+00 -5.249154950650819274e+00 3.518563110984486000e+16 3.518563110984486000e+16
5.286575158561380938e+00 -7.427948623637258940e+00 5.287000882723096318e+00 -7.425699258811619075e+00 3.518557705365514400e+16 3.518557705784895200e+16
5.491571690108967729e+00 -9.558943375136859544e+00 5.489571467173707475e+00 -9.557416804680958222e+00 3.518552924278081600e+16 3.518552924278084000e+16
6.004257287784106722e+00 -6.449854665641309381e+00 6.005551832398984935e+00 -6.448744182165460082e+00 3.518560106604593600e+16 3.518560106604593600e+16
5.919525442271219795e+00 -7.433235203080228004e+00 5.917832486674400094e+00 -7.433109681616241637e+00 3.518557706623732800e+16 3.518557706623732800e+16
5.992414865550239611e+00 -8.399277429614725676e+00 5.993729808812390480e+00 -8.399430780074016667e+00 3.518555312515027200e+16 3.518555312515027600e+16
5.497178343006402734e+00 -7.531651990763421622e+00 5.496362439072704831e+00 -7.531848547432973717e+00 3.518557705784696000e+16 3.518557705784696400e+16
1.272711612241189671e+00 -9.042083178949559041e+00 1.270879478120642281e+00 -9.041912241348279977e+00 3.518554110427307200e+16 3.518554110427307200e+16
1.826376296985544379e+00 -8.294792285689467803e+00 1.825439283290563486e+00 -8.293622864281402940e+00 3.518555903911654400e+16 3.518555903911654800e+16
1.770116578490473547e+00 -6.815860847226678843e+00 1.769948895663139288e+00 -6.817289198365422465e+00 3.518559499269028000e+16 3.518559499269028400e+16
1.557574376205091315e+00 -6.390925780318159610e+00 1.557887006469553581e+00 -6.393148650503669650e+00 3.518560099474369600e+16 3.518560099474370000e+16
1.557574376205091315e+00 -6.390925780318159610e+00 1.555733762869784043e+00 -6.390849034874927170e+00 3.518560099474369600e+16 3.518560099474370400e+16
1.580634907580289017e+00 -8.933656507088453935e+00 1.580757969156501019e+00 -8.932550837005573285e+00 3.518554110846987600e+16 3.518554110846988000e+16
1.212183650716278205e+00 -8.747758585246522500e+00 1.211128121445256944e+00 -8.747071943221063961e+00 3.518554707276809200e+16 3.518554707276810000e+16
3.468167624773449802e+02 -1.250125768606038434e+01 3.468143136867505518e+02 -1.250034343365505407e+01 3.518546365645088800e+16 3.518546365645091200e+16
3.461793534962053513e+02 -1.186075927051556533e+01 3.461781307574827906e+02 -1.185953583337468054e+01 3.518548138577130800e+16 3.518548138577131200e+16
3.471911132341312509e+02 -1.277651713326017813e+01 3.471904400567375433e+02 -1.277425080348950281e+01 3.518545775506427200e+16 3.518545775506432000e+16
3.473957689026856883e+02 -1.208598657832242651e+01 3.473944353753564656e+02 -1.208425251353386898e+01 3.518547548438619600e+16 3.518547548438628000e+16
3.473929430741905549e+02 -1.098222648369712040e+01 3.473949045980522783e+02 -1.098071756498357310e+01 3.518549919898292000e+16 3.518549919898298000e+16
3.476199278517737525e+02 -1.066001703620406360e+01 3.476192206631494059e+02 -1.066101039622175684e+01 3.518550514231426400e+16 3.518550514231426800e+16
3.470673538160230578e+02 -1.331893852451852567e+01 3.470666859338176096e+02 -1.332048331155990795e+01 3.518544596906908800e+16 3.518544596906909200e+16
3.473246057959855193e+02 -1.440809876505739240e+01 3.473254165330841374e+02 -1.441023879033761901e+01 3.518541660474986400e+16 3.518541660474986400e+16
3.484833630548035330e+02 -1.036521435580850259e+01 3.484826948094852241e+02 -1.036707888336461281e+01 3.518551704993813600e+16 3.518551704993814400e+16
3.490276800142617617e+02 -1.163889181887993907e+01 3.490257134206823366e+02 -1.163751609037247903e+01 3.518548143191321200e+16 3.518548143191323200e+16
3.484918943560640514e+02 -1.343881538198981929e+01 3.484903643398708937e+02 -1.343861884565659182e+01 3.518544010543498400e+16 3.518544010543498400e+16
3.488829693633888951e+02 -1.417839545357456466e+01 3.488837213136027344e+02 -1.417764265144651326e+01 3.518542249355262000e+16 3.518542249355262000e+16
3.486231175339119659e+02 -1.499768110397678811e+01 3.486207675024637069e+02 -1.499783409200180806e+01 3.518540492780488400e+16 3.518540492780488400e+16
3.484330135140957054e+02 -1.490956376309024201e+01 3.484354696147553341e+02 -1.490820378965712401e+01 3.518540492361269200e+16 3.518540492361269200e+16
3.484097969587058401e+02 -1.053436193267721066e+01 3.484107365466058468e+02 -1.053453185126081237e+01 3.518551110241678800e+16 3.518551110241678800e+16
3.480171544853271826e+02 -1.422354512605707910e+01 3.480166924294385922e+02 -1.422169150811129334e+01 3.518542248096813600e+16 3.518542248096815600e+16
3.480070200931553472e+02 -1.381541169359306842e+01 3.480068415598036609e+02 -1.381366678464538467e+01 3.518543421662936000e+16 3.518543421662936400e+16
3.441804305644099031e+02 -1.416748983397111417e+01 3.441797140714547822e+02 -1.416580040296643972e+01 3.518542241805332000e+16 3.518542241805332000e+16
3.443222260303846838e+02 -1.381553476951181736e+01 3.443215378369913537e+02 -1.381775563965641318e+01 3.518543415790892800e+16 3.518543415790892800e+16
3.443640918499438044e+02 -1.375439084843677939e+01 3.443624238220542111e+02 -1.375594419375904920e+01 3.518543415791004400e+16 3.518543415791004800e+16
3.445221504110579076e+02 -1.479048542421564072e+01 3.445219627285802630e+02 -1.479141458284498434e+01 3.518541070755533200e+16 3.518541070755533600e+16
3.446993762773380467e+02 -1.416069985293014177e+01 3.446982717485854550e+02 -1.415837606864670484e+01 3.518542242644215600e+16 3.518542242644220000e+16
3.491958393864749155e+02 -1.398428959603611155e+01 3.491980277234655432e+02 -1.398322110784886618e+01 3.518542836557688800e+16 3.518542836557692000e+16
3.497624357926884500e+02 -1.149565922435294141e+01 3.497642629199655175e+02 -1.149623838353609528e+01 3.518548736685096000e+16 3.518548736685096400e+16
3.495530204436221879e+02 -1.441014790480671159e+01 3.495525735505828493e+02 -1.440863743659521212e+01 3.518541664249927200e+16 3.518541664249927600e+16
3.452406135732717303e+02 -1.388813432486845478e+01 3.452430330009831891e+02 -1.388721785831241107e+01 3.518542829847000400e+16 3.518542829847000400e+16
3.455146371173541979e+02 -1.429892312962175716e+01 3.455139790984654269e+02 -1.430129290578806689e+01 3.518542243902463200e+16 3.518542243902463200e+16
3.454728210876450589e+02 -1.370792878734293652e+01 3.454727080780565416e+02 -1.370854357774414467e+01 3.518543417468859600e+16 3.518543417468860000e+16
3.452854947272844015e+02 -1.293700463857386929e+01 3.452837115156919481e+02 -1.293676825509521677e+01 3.518545182851374400e+16 3.518545182851374400e+16
3.453975129572730793e+02 -1.468164726633824912e+01 3.453980833786903304e+02 -1.467955719646229618e+01 3.518541072014116000e+16 3.518541072014116400e+16
3.451613371022074830e+02 -1.494026007859776861e+01 3.451621795752436128e+02 -1.493906688904441715e+01 3.518540486908638800e+16 3.518540486908638800e+16
3.454158523942780903e+02 -1.394068448399971416e+01 3.454157958935005581e+02 -1.394318107925935735e+01 3.518542830266344800e+16 3.518542830266344800e+16
2.014154701876921649e+01 -2.058849475544149854e+01 2.014159409158561331e+01 -2.058595239433196511e+01 3.518527297080644000e+16 3.518527297080660800e+16
2.080687513846822156e+01 -2.024933761574507329e+01 2.080737169894099026e+01 -2.024831750556330690e+01 3.518527864570221600e+16 3.518527864570221600e+16
8.995031334388530198e+00 -1.554712852563010728e+01 8.993375005656398358e+00 -1.554789940008395810e+01 3.518538774793521200e+16 3.518538774793521600e+16
9.938683935995456409e+00 -1.717841574901279955e+01 9.940216047480564754e+00 -1.717635190463996864e+01 3.518534718062950000e+16 3.518534718062950400e+16
9.557428093680142567e+00 -1.946794987823509970e+01 9.557873246610403939e+00 -1.946800374758045038e+01 3.518529553196713600e+16 3.518529553196713600e+16
9.831719582725606088e+00 -1.583856980808814008e+01 9.831693610170063380e+00 -1.583758244238491919e+01 3.518538193882386400e+16 3.518538193882386800e+16
9.609562446354624754e+00 -1.576147356062600835e+01 9.610040783717741064e+00 -1.576349422446012305e+01 3.518538193882528800e+16 3.518538193882529200e+16
9.379550053895162165e+00 -1.525534850278389598e+01 9.377935596333195178e+00 -1.525483592574803282e+01 3.518539358640752000e+16 3.518539358640752400e+16
6.280583394120270668e+00 -3.420124202719838991e+01 6.283012285824962184e+00 -3.419943233569841112e+01 3.518497824965008000e+16 3.518497824965012800e+16
6.639144303349805654e+00 -3.185921095842629214e+01 6.640203734168378169e+00 -3.185842314468722591e+01 3.518502895039328800e+16 3.518502895039329200e+16
6.332380013575142463e+00 -3.406363585600752941e+01 6.331206078866442155e+00 -3.406126488117288176e+01 3.518498326184079200e+16 3.518498326184084800e+16
2.916862634542490174e+00 -3.160326305699203786e+01 2.918032475835312667e+00 -3.160235217224181881e+01 3.518503404647281200e+16 3.518503404647281200e+16
2.375419096179926193e+00 -3.179584932238702777e+01 2.374102363668669557e+00 -3.179464302933100583e+01 3.518502889167466400e+16 3.518502889167466800e+16
2.800481210161116952e+00 -3.127564416650544388e+01 2.799964868417692543e+00 -3.127457884969654955e+01 3.518503920546839600e+16 3.518503920546839600e+16
2.572994595713427035e+00 -3.463687008151877933e+01 2.575101533090617956e+00 -3.463511623551532637e+01 3.518496823365426800e+16 3.518496823365427200e+16
2.479201855960675438e+00 -3.491816783888912568e+01 2.480991153586804554e+00 -3.491588738515676482e+01 3.518496327598564000e+16 3.518496327598569200e+16
7.613535264397778946e+00 -3.203671230537015191e+01 7.611160572244232370e+00 -3.203666993578608668e+01 3.518502382915002400e+16 3.518502382915002400e+16
7.094323757575450529e+00 -3.034602042647032860e+01 7.095138714243275579e+00 -3.034370334049357609e+01 3.518506004696346400e+16 3.518506004696348000e+16
7.154214292703214184e+00 -3.011555385910274651e+01 7.155700276706972396e+00 -3.011334584907591960e+01 3.518506527306573600e+16 3.518506527306574400e+16
7.068183689768187783e+00 -3.321575280908198380e+01 7.066783818967088848e+00 -3.321341787007140312e+01 3.518499836972633600e+16 3.518499836972641600e+16
3.799370008796899345e+00 -3.209529549043535468e+01 3.798459976295482488e+00 -3.209721089634871305e+01 3.518502377462298800e+16 3.518502377462299200e+16
8.074263068586471803e+00 -3.284759215444483971e+01 8.073527784980479183e+00 -3.284840338013197680e+01 3.518500851993869600e+16 3.518500851993870400e+16
9.193965214043586798e+00 -3.073786351964531249e+01 9.194349396855489687e+00 -3.073518323370656802e+01 3.518504965767504000e+16 3.518504965767523200e+16
9.374114899955403146e+00 -3.054861046486630016e+01 9.375737898737975584e+00 -3.054934898736921411e+01 3.518505486280500800e+16 3.518505486280500800e+16
9.377762126471933968e+00 -3.174974083105931300e+01 9.379682383085127029e+00 -3.174996948903603311e+01 3.518502898814489200e+16 3.518502898814489600e+16
9.715313957146888058e+00 -3.033544974734645905e+01 9.714834115326514308e+00 -3.033612498308529482e+01 3.518506008471222400e+16 3.518506008471222800e+16
4.256028055635701079e+00 -3.101531077645968892e+01 4.253849381068905977e+00 -3.101552040343888450e+01 3.518504440221190400e+16 3.518504440221190400e+16
4.476945090742431965e+00 -3.419614973030267180e+01 4.475908035442985877e+00 -3.419364421034676127e+01 3.518497822448440000e+16 3.518497822448450400e+16
4.022696704718497607e+00 -3.453919617061752945e+01 4.021339900186249317e+00 -3.453869014348525468e+01 3.518497322906585600e+16 3.518497322906590400e+16
4.321573766209843903e+00 -3.310897224646200243e+01 4.320836251755910240e+00 -3.310771630022294687e+01 3.518500339030478800e+16 3.518500339030479200e+16
4.883086706305275193e+00 -3.228208497367243979e+01 4.883258553825705839e+00 -3.228065772945144118e+01 3.518501867435049600e+16 3.518501867435049600e+16
4.419841019727162035e+00 -3.085118172311316798e+01 4.421063654291787159e+00 -3.085228728234613627e+01 3.518504959056353600e+16 3.518504959056353600e+16
4.713015965946514285e+00 -3.135181128619105806e+01 4.712015364504000381e+00 -3.135315467601548534e+01 3.518503923482692400e+16 3.518503923482692800e+16
9.157031064691590130e-03 -3.379725726758299942e+01 8.145586442433443847e-03 -3.379644287288647320e+01 3.518498819014785200e+16 3.518498819014785200e+16
7.137520962920538281e-01 -3.315519677196439119e+01 7.115407464615431943e-01 -3.315372454404262470e+01 3.518499828164504000e+16 3.518499828164507200e+16
1.514705883402667763e-01 -3.467670574407749484e+01 1.509482822313829020e-01 -3.467557380631645003e+01 3.518496820009664800e+16 3.518496820009664800e+16
3.665550308528830320e-02 -3.413777322563441174e+01 3.416318985211536097e-02 -3.413774899372647553e+01 3.518497816576350400e+16 3.518497816576350400e+16
5.510428992113918234e+00 -3.380057976420042820e+01 5.511881319935024948e+00 -3.380032337711477197e+01 3.518498826564578000e+16 3.518498826564578400e+16
5.405519843238120181e+00 -3.185179107562883871e+01 5.403353165528215207e+00 -3.185338556456769155e+01 3.518502893361620800e+16 3.518502893361621200e+16
5.287330043526458745e+00 -3.146657974742613462e+01 5.286511377989872251e+00 -3.146506377875372351e+01 3.518503408422509200e+16 3.518503408422509200e+16
4.953513601465284744e+00 -3.092762922099773348e+01 4.954427323362237345e+00 -3.092874968911762323e+01 3.518504441479718800e+16 3.518504441479718800e+16
1.484505010368888156e+00 -3.344881933263087603e+01 1.483062328971051391e+00 -3.344970890245629391e+01 3.518499324009225600e+16 3.518499324009226000e+16
2.013502731036577398e+00 -3.095071240260420353e+01 2.014446826056015993e+00 -3.094950186054108698e+01 3.518504436865551200e+16 3.518504436865551200e+16
3.504948439644637119e+02 -1.516759623711018357e+01 3.504967280073263396e+02 -1.516917736130778138e+01 3.518539911869285600e+16 3.518539911869286000e+16
3.509501186135162811e+02 -1.500250112395596958e+01 3.509488716723661241e+02 -1.500129067598205879e+01 3.518540496555370800e+16 3.518540496555371200e+16
