4.894835836441810528e+01 2.607769627643443666e+00 4.894990942467950390e+01 2.607790794722699257e+00 3.518581896852710800e+16 3.518581896852711200e+16
4.955086196554802314e+01 3.055710525667679978e+00 4.955096353173482271e+01 3.056757570271079416e+00 3.518583106070421600e+16 3.518583106070422000e+16
4.973544638867663537e+01 2.338072085669821387e+00 4.973378967428802611e+01 2.340099189517457656e+00 3.518581294131178400e+16 3.518581294131184000e+16
4.982175676389305607e+01 3.144506660477204729e+00 4.982164227711210458e+01 3.145879384258837064e+00 3.518583710469362800e+16 3.518583710469363200e+16
4.968206703919538114e+01 1.607157671929831055e+00 4.968220610919475178e+01 1.609058885864812050e+00 3.518579482191898400e+16 3.518579482191898400e+16
4.596049897227880621e+01 7.397826991197075097e-01 4.595945464602090169e+01 7.421647062003632334e-01 3.518577663960890400e+16 3.518577663960894400e+16
4.707882865684468499e+01 1.462369358569095334e+00 4.707747109497451277e+01 1.461565050818381506e+00 3.518579477997332800e+16 3.518579477997332800e+16
4.725913762155624198e+01 1.308263665259210118e+00 4.726050587626999544e+01 1.309605639518400588e+00 3.518578874437193600e+16 3.518578874437194000e+16
4.767391569219664404e+01 7.039489650355414130e-02 4.767291882166001926e+01 7.001044614463938776e-02 3.518575854957674400e+16 3.518575854957674400e+16
4.757084491071071852e+01 1.802139812543603892e+00 4.757121068479236925e+01 1.800995884942298897e+00 3.518580082816177200e+16 3.518580082816177200e+16
5.614957557951417755e+01 -7.893886004910581455e+00 5.615193057167879687e+01 -7.895034881708731689e+00 3.518556592197414400e+16 3.518556592197414800e+16
5.654566984305455435e+01 -9.796810170897806813e+00 5.654688892542181833e+01 -9.794473253096022347e+00 3.518552413411879600e+16 3.518552413411883600e+16
5.693520836559186193e+01 -9.582342432983171676e+00 5.693530357088545202e+01 -9.583419120184240469e+00 3.518553009422425600e+16 3.518553009422425600e+16
5.629143989353060107e+01 -8.184244653480968523e+00 5.629261294235380575e+01 -8.181942277369653738e+00 3.518555994089532000e+16 3.518555994089539600e+16
5.661190771742498384e+01 -8.943053490162734320e+00 5.661239198558308061e+01 -8.944233008359173454e+00 3.518554201863315600e+16 3.518554201863315600e+16
5.676359801276738892e+01 -5.796352413567746886e+00 5.676606806445865772e+01 -5.796768153311838923e+00 3.518561994460530800e+16 3.518561994460530800e+16
5.788797897294523409e+01 -8.058036898499693734e+00 5.788714794894494275e+01 -8.056034497108447212e+00 3.518556595132967600e+16 3.518556595132968000e+16
5.725077336932202599e+01 -5.439730396838079685e+00 5.725183371370436447e+01 -5.441290999993878330e+00 3.518562596762802800e+16 3.518562596762802800e+16
5.776933697273794621e+01 -5.086161547995639687e+00 5.776891068322375844e+01 -5.086856161176199542e+00 3.518563801366616000e+16 3.518563801366616000e+16
5.752143899116845205e+01 -6.043519374156410606e+00 5.752325423382633574e+01 -6.042735270132072678e+00 3.518561394255640000e+16 3.518561394255640400e+16
5.761946101921527941e+01 -5.592233363309467187e+00 5.762063421529038720e+01 -5.593365478959029247e+00 3.518562597181908400e+16 3.518562597181908400e+16
5.761301050868024021e+01 -5.834531564374305646e+00 5.761219551932509830e+01 -5.836377345429700547e+00 3.518561995718746000e+16 3.518561995718746400e+16
5.693055487949285975e+01 -7.121257158088561745e+00 5.692988884158712892e+01 -7.119642032333404202e+00 3.518558991338712000e+16 3.518558991338712400e+16
5.154943549379500212e+01 -5.055425088160497182e+00 5.155126222490782339e+01 -5.054331053543895891e+00 3.518563790880930000e+16 3.518563790880934000e+16
5.182000364943256443e+01 -5.617927094150948264e+00 5.181958097087550641e+01 -5.618773455654058502e+00 3.518562587534969600e+16 3.518562587534970000e+16
5.864272280772663493e+01 -9.182988361139411637e+00 5.864318980785159852e+01 -9.181485548288788934e+00 3.518553608788739600e+16 3.518553608788740000e+16
5.891996125109577775e+01 -9.457015627924402423e+00 5.891909508624902259e+01 -9.456249413392779246e+00 3.518553012778092400e+16 3.518553012778092800e+16
5.233569106316651443e+01 -5.827211986512038422e+00 5.233536260009995544e+01 -5.826879516640703471e+00 3.518561986910725600e+16 3.518561986910725600e+16
5.309601307218650845e+01 -6.785514266763493119e+00 5.309712979617648898e+01 -6.783229825024670312e+00 3.518559584832966800e+16 3.518559584832967200e+16
5.411189322770952259e+01 -7.571001210595352582e+00 5.411167050378849552e+01 -7.570055119838005275e+00 3.518557786734702400e+16 3.518557786734702400e+16
5.939699968270098651e+01 -6.709049892908172552e+00 5.939569460592022665e+01 -6.707574331112818200e+00 3.518559595318768400e+16 3.518559595318768400e+16
5.923510822165417977e+01 -5.871873129180621653e+00 5.923719087246590220e+01 -5.870483313751630128e+00 3.518561998235249600e+16 3.518561998235254400e+16
5.993542619148761474e+01 -9.136781115937155917e+00 5.993498190110044277e+01 -9.138795163492728690e+00 3.518553610886012800e+16 3.518553610886012800e+16
5.960974070655518631e+01 -7.187735253567859139e+00 5.960950127603836535e+01 -7.188238673579305349e+00 3.518558395747985200e+16 3.518558395747985200e+16
5.999970466807479852e+01 -8.454234723413618369e+00 6.000033300599965713e+01 -8.454194994162847365e+00 3.518555402273100800e+16 3.518555402273100800e+16
5.972841459713074386e+01 -6.305530859226418983e+00 5.973001213573096635e+01 -6.305615118632319493e+00 3.518560796986705600e+16 3.518560796986705600e+16
5.963282055412583560e+01 -6.168135171215018531e+00 5.963392181903275002e+01 -6.168290463250699851e+00 3.518560796986974800e+16 3.518560796986975200e+16
5.579824866959799579e+01 -8.407899577206871200e+00 5.579837857994401418e+01 -8.409914940224862079e+00 3.518555395562352800e+16 3.518555395562352800e+16
5.539495384494279762e+01 -6.529342088269003419e+00 5.539546742397772761e+01 -6.530646407780638540e+00 3.518560189232126400e+16 3.518560189232126400e+16
5.561600735143267826e+01 -6.104294672191914017e+00 5.561674516809986102e+01 -6.104196416198961472e+00 3.518561390900060800e+16 3.518561390900060800e+16
5.610347737799317969e+01 -8.836497136921094508e+00 5.610570352199902544e+01 -8.836094474579640590e+00 3.518554798293078400e+16 3.518554798293079600e+16
7.499264075181129385e+01 -9.230360929763027356e-01 7.499284548102208703e+01 -9.217321379538541137e-01 3.518573484756456800e+16 3.518573484756456800e+16
7.415456041578006818e+01 -5.933122303317585056e-01 7.415408494584207233e+01 -5.946454904974860511e-01 3.518574691457494800e+16 3.518574691457494800e+16
7.404224367279162777e+01 -1.150375776255947308e-01 7.404140783161145123e+01 -1.134231953314267793e-01 3.518575899417011600e+16 3.518575899417011600e+16
7.452787484505621762e+01 -1.470636193667824720e+00 7.452704042077681379e+01 -1.470871312110624940e+00 3.518572276377348400e+16 3.518572276377348800e+16
7.083503885202094352e+01 -1.105210621288401196e+00 7.083243137894045560e+01 -1.104564037013539890e+00 3.518573478045342400e+16 3.518573478045342800e+16
7.073977857350801912e+01 -4.468663506362097415e+00 7.073794469549042674e+01 -4.467478547831415625e+00 3.518565027781324000e+16 3.518565027781324000e+16
7.108597657000065340e+01 -3.546383129014820668e+00 7.108442438101353389e+01 -3.546277606861609755e+00 3.518567439925415600e+16 3.518567439925416000e+16
7.043108404673532164e+01 -1.050723109230972785e+00 7.042872127580506003e+01 -1.051341084699948691e+00 3.518573477206580000e+16 3.518573477206580400e+16
7.059813571386921183e+01 -1.872500540124668156e+00 7.059547938000399370e+01 -1.871861960859679153e+00 3.518571665686539200e+16 3.518571665686540000e+16
7.042004357928786362e+01 -4.620298031156123031e+00 7.042235860241012801e+01 -4.620075037038363419e+00 3.518565026942171200e+16 3.518565026942172800e+16
7.559493505929553692e+01 -4.966902111309026147e+00 7.559301694408269157e+01 -4.966635349686053580e+00 3.518563831146319600e+16 3.518563831146319600e+16
7.502046938716817692e+01 -4.755614602172156147e+00 7.501908409432036251e+01 -4.754629836096206041e+00 3.518564432609491200e+16 3.518564432609491200e+16
7.546978802683067045e+01 -4.736932045513586154e+00 7.546767256177804484e+01 -4.735993545389183268e+00 3.518564433448294400e+16 3.518564433448295200e+16
7.562894838856392710e+01 -3.377944190302065941e+00 7.562818399166080496e+01 -3.379598101282505596e+00 3.518567447894861600e+16 3.518567447894861600e+16
7.578314988425515253e+01 -4.202887135301375920e+00 7.578491817577872780e+01 -4.202793268020140083e+00 3.518565638472003600e+16 3.518565638472004000e+16
7.139870448568490247e+01 -8.282664722396946289e-01 7.139869755231958948e+01 -8.290187785060304515e-01 3.518574082864001200e+16 3.518574082864001200e+16
7.159352775016269277e+01 -3.090944046784014354e+00 7.159506119073800789e+01 -3.088944656284382528e+00 3.518568647465465600e+16 3.518568647465470000e+16
7.139853154706374028e+01 -2.241038108435366549e+00 7.140059379940755946e+01 -2.240819086689153750e+00 3.518570458985566800e+16 3.518570458985566800e+16
7.100046188027130256e+01 -4.972602381580324860e+00 7.099775546619342492e+01 -4.972331330552366424e+00 3.518563823596727600e+16 3.518563823596727600e+16
7.122098609876097441e+01 -2.554384242006992434e+00 7.121933300580279536e+01 -2.552920617371494671e+00 3.518569854586192000e+16 3.518569854586194000e+16
7.276563973840718802e+01 -2.741719360417042672e+00 7.276579569944323111e+01 -2.744049104864549893e+00 3.518569253542613600e+16 3.518569253542613600e+16
7.205498565984142090e+01 -2.351522649793089670e+00 7.205396955164525252e+01 -2.349800577479376429e+00 3.518570460243608000e+16 3.518570460243611600e+16
7.225816400261273031e+01 -3.562117204877149224e+00 7.225885663464519837e+01 -3.560785662781463135e+00 3.518567442022557600e+16 3.518567442022557600e+16
7.256850922197435239e+01 -2.875800784117426012e+00 7.256821199496251040e+01 -2.874490281247239043e+00 3.518568649143752000e+16 3.518569253122873200e+16
7.282659710196998049e+01 -2.500203475203972570e+00 7.282514535500035890e+01 -2.499925133739831384e+00 3.518569857522381600e+16 3.518569857522381600e+16
7.272353323646727574e+01 -4.252961012848441413e+00 7.272479845256467001e+01 -4.250733972946423300e+00 3.518565633438792000e+16 3.518565633438795600e+16
7.340008492173915045e+01 -2.835469471744086700e+00 7.339883241004351078e+01 -2.833360563960563461e+00 3.518569254381251600e+16 3.518569254381256400e+16
7.392849625503657762e+01 -3.082025604830451737e+00 7.392773889897770800e+01 -3.079408540031983943e+00 3.518568651240346000e+16 3.518568651240346400e+16
5.185879682592381101e+01 1.578151501843810145e+00 5.185861551768736177e+01 1.580774959933703094e+00 3.518579485966654000e+16 3.518579485966657200e+16
5.194445204271118399e+01 1.937211327609844824e+00 5.194261865128702738e+01 1.938321960416285794e+00 3.518580693925989200e+16 3.518580693925991200e+16
5.236985081402740860e+01 1.498985827642506097e-01 5.236903898126399781e+01 1.508940712298424691e-01 3.518576466906364800e+16 3.518576466906364800e+16
5.285923688236938034e+01 9.919292152446141930e-01 5.286011325127275029e+01 9.907451767796600084e-01 3.518578279684644000e+16 3.518578279684644400e+16
5.308091588508919756e+01 4.654169224801407156e-01 5.308173667028205500e+01 4.654169483708087696e-01 3.518577072144632400e+16 3.518577072144632400e+16
5.092868270729275793e+01 1.825676774221615783e+00 5.092874888974399994e+01 1.826153003603567138e+00 3.518580088268786400e+16 3.518580088268786400e+16
5.026337820626474695e+01 1.156469258032648328e+00 5.026315776137478508e+01 1.157671721269789566e+00 3.518578879470039200e+16 3.518578879470039200e+16
5.096348600309499233e+01 1.493357915623977350e+00 5.096482822968547310e+01 1.494239248536497477e+00 3.518579484288832400e+16 3.518579484288832400e+16
5.015494716077436266e+01 2.550342852622863532e+00 5.015618033352217964e+01 2.550494099320279151e+00 3.518581898949756800e+16 3.518581898949756800e+16
5.039036767230873437e+01 1.484730094783972998e+00 5.039056532669376764e+01 1.482328606861817111e+00 3.518579483449954800e+16 3.518579483449955600e+16
5.012915660301243292e+01 2.373788036297689086e+00 5.012680405297276565e+01 2.374901154265767644e+00 3.518581294970094800e+16 3.518581294970096800e+16
5.687126159697617567e+01 -5.599954946952474533e-01 5.687005258156933252e+01 -5.578822464276340654e-01 3.518574662516816000e+16 3.518574662516819600e+16
5.646230391544480653e+01 -2.044305074993531868e+00 5.646071373125704440e+01 -2.042769134473409132e+00 3.518571037799393200e+16 3.518571037799396800e+16
5.695311296043475124e+01 -1.982174524311674180e+00 5.695513878242987005e+01 -1.982205426876305632e+00 3.518571038638370400e+16 3.518571038638370400e+16
5.671283011470581670e+01 -4.476215202399147941e+00 5.671375578743726464e+01 -4.476607799182163561e+00 3.518565004293192000e+16 3.518565004293192000e+16
5.616459129484719170e+01 -2.586802564673251204e-01 5.616542351382918952e+01 -2.582632058911489281e-01 3.518575265238455200e+16 3.518575265238455200e+16
5.747841876053257693e+01 -1.223365715803185871e+00 5.747786426957596007e+01 -1.225889126840871368e+00 3.518572851416484000e+16 3.518572851416484400e+16
5.751753516987876225e+01 -3.356092667681219499e+00 5.751649726657952044e+01 -3.354319802655768790e+00 3.518568020416970400e+16 3.518568020416970400e+16
5.783874401715060287e+01 -2.675129077572047098e+00 5.783753921576838053e+01 -2.675527012092462797e+00 3.518569228376832000e+16 3.518569228376832000e+16
5.194180608744276384e+01 -4.226105517350218221e+00 5.194161876972336955e+01 -4.227911333084245271e+00 3.518565598626118000e+16 3.518565598626118400e+16
5.203663700458904628e+01 -3.357084600688744480e+00 5.203739606012570107e+01 -3.357020436635682614e+00 3.518568011189500000e+16 3.518568011189500800e+16
5.145076617345922187e+01 -2.145151077851287891e+00 5.144875810567313579e+01 -2.144788296399861238e+00 3.518570425431344800e+16 3.518570425431344800e+16
5.171375941250081354e+01 -1.329550880639151167e+00 5.171131826164136669e+01 -1.329995995606855441e+00 3.518572841769459200e+16 3.518572841769459600e+16
5.153587675225520570e+01 -8.714239923098858753e-01 5.153426157219570314e+01 -8.727860881836799756e-01 3.518574049728928800e+16 3.518574049728928800e+16
5.142507394645863883e+01 -2.073744878625501720e+00 5.142474512855314117e+01 -2.073661462618854756e+00 3.518571029410714800e+16 3.518571029410715200e+16
5.901822062902048316e+01 -3.525013265747649616e+00 5.901838706298254777e+01 -3.526230501588904165e+00 3.518567419792827600e+16 3.518567419792827600e+16
5.281501222398502193e+01 -1.065453344801265745e+00 5.281381542184589506e+01 -1.063818979239004259e+00 3.518573447846414000e+16 3.518573447846414400e+16
5.270969647282705495e+01 -1.967995822897905756e+00 5.271212576854121323e+01 -1.967722024650624846e+00 3.518571031508065600e+16 3.518571031508106800e+16
5.261824353185796355e+01 -4.230721902489537278e+00 5.261778335655678518e+01 -4.229342243191857698e+00 3.518565599884384400e+16 3.518565599884384800e+16
5.191184118418397020e+01 -4.837762586082076766e+00 5.191257194518897933e+01 -4.836188938277865113e+00 3.518564394021779600e+16 3.518564394021779600e+16
5.267433325274406997e+01 -1.514471793948813261e+00 5.267483933689039333e+01 -1.511819626698363006e+00 3.518572239467515600e+16 3.518572239467524800e+16
5.207736464696473178e+01 -2.103844817637839704e+00 5.207737476172336955e+01 -2.102397949508993502e+00 3.518571030668946400e+16 3.518571030668946800e+16
5.236287494382053609e+01 -3.486175401231044191e+00 5.236063457034271806e+01 -3.487262397353106724e+00 3.518567408887693200e+16 3.518567408887693200e+16
5.253657581516736741e+01 -1.129398856541732110e+00 5.253828703898197006e+01 -1.127741511037468891e+00 3.518572843447566000e+16 3.518572843447566400e+16
5.242832175872432288e+01 -2.137969336398584552e+00 5.242803053967857352e+01 -2.137744078254177005e+00 3.518570427109151200e+16 3.518570427109151600e+16
5.366113986113835210e+01 -2.952137501437441802e+00 5.366183130947287339e+01 -2.950626062132114313e+00 3.518568617266748000e+16 3.518568617266748000e+16
5.317782320665997275e+01 -1.906522800445258126e+00 5.317751335624755171e+01 -1.906063963002233574e+00 3.518571032347024000e+16 3.518571032347024800e+16
5.393200466751796540e+01 -2.899995036178783181e+00 5.393338853350035578e+01 -2.901133828766747857e+00 3.518568617686274000e+16 3.518568617686274400e+16
5.413582189529693522e+01 -2.955933011611969086e+00 5.413411380440899023e+01 -2.955174926999241336e+00 3.518568618105528000e+16 3.518568618105528400e+16
5.467830362807738709e+01 -2.705746305803615748e+00 5.467860284589968245e+01 -2.707390105124416024e+00 3.518569222924229600e+16 3.518569222924229600e+16
5.495409504069419881e+01 -3.334048992261190669e+00 5.495312564858194548e+01 -3.334947026267238268e+00 3.518568016222723600e+16 3.518568016222724000e+16
5.050197803788532269e+01 -3.143175045248025601e+00 5.050191668714906967e+01 -3.145483265615305335e+00 3.518568008673401600e+16 3.518568008673401600e+16
5.035731485229672444e+01 -5.100103934672225447e-01 5.035813924775004580e+01 -5.086103423664836143e-01 3.518574651611773600e+16 3.518574651611773600e+16
5.058919310914401279e+01 -1.302718094125603576e+00 5.059064462001832396e+01 -1.301987476609604677e+00 3.518572840091807200e+16 3.518572840091807600e+16
5.980566302580191973e+01 -1.565369900726502062e+00 5.980361034992572655e+01 -1.563721453089811142e+00 3.518572251630883200e+16 3.518572251630885600e+16
5.923667464033337637e+01 -4.957776543366254174e+00 5.923527011294004296e+01 -4.955781716093772715e+00 3.518563803883482400e+16 3.518563803883486400e+16
5.922939534872104161e+01 -2.551411410607507424e+00 5.923147146116311035e+01 -2.551927022941812062e+00 3.518569834453548000e+16 3.518569834453548000e+16
5.933227925729485008e+01 -2.405910010634937812e+00 5.933150251651312601e+01 -2.404317626597887614e+00 3.518569834873236400e+16 3.518569834873240800e+16
5.575468763790316729e+01 -3.083586954041151462e-01 5.575567186670233610e+01 -3.084787965843425739e-01 3.518575264818948400e+16 3.518575264818948400e+16
5.581893212085604716e+01 -4.601235230531520060e+00 5.582103547046279601e+01 -4.602170201383364301e+00 3.518565002615244400e+16 3.518565002615244800e+16
5.595809313855993139e+01 -1.047758693175641076e+00 5.595663799651836712e+01 -1.047767507868690773e+00 3.518573452879638800e+16 3.518573452879639200e+16
5.521876050581384732e+01 -3.609682161379935028e+00 5.521629818769237374e+01 -3.609620694495997206e+00 3.518567413501163200e+16 3.518567413501164400e+16
5.527492089032394773e+01 -3.407023410631974780e+00 5.527358370249400110e+01 -3.407985017683137219e+00 3.518567413501609600e+16 3.518567413501610000e+16
6.856416186876619179e+01 -1.832567161922870369e+01 6.856659338689631511e+01 -1.832576437825797200e+01 3.518532507664520800e+16 3.518532507664521200e+16
6.881835013769767784e+01 -1.813620878366243616e+01 6.882086492080712503e+01 -1.813612315418771104e+01 3.518532508084465200e+16 3.518532508084465600e+16
6.813490984766204406e+01 -1.542550077301813971e+01 6.813519648768463810e+01 -1.542416690798837209e+01 3.518538870843050800e+16 3.518538870843050800e+16
6.873360669551820479e+01 -1.807462213055468681e+01 6.873341350836463448e+01 -1.807708212895817823e+01 3.518533082703593200e+16 3.518533082703593200e+16
6.957545142467155586e+01 -1.720691876994066050e+01 6.957764357140524680e+01 -1.720629963605732016e+01 3.518534813692820400e+16 3.518534813692820800e+16
6.498793487435909810e+01 -1.529729637867175995e+01 6.498743764758414443e+01 -1.529509429334992454e+01 3.518539448818222000e+16 3.518539448818222400e+16
6.525563474454875745e+01 -1.696576371723953969e+01 6.525546214901035569e+01 -1.696733926171126328e+01 3.518535384537903200e+16 3.518535384537903200e+16
6.583145093867619835e+01 -1.671944638386937498e+01 6.583070885813661732e+01 -1.672145126811043525e+01 3.518535963771223600e+16 3.518535963771224800e+16
6.704315266384944039e+01 -1.763209920588928270e+01 6.704250690675182511e+01 -1.763397497316844564e+01 3.518533655645948800e+16 3.518533655645950400e+16
6.760319529156338092e+01 -1.725597604150309294e+01 6.760092141153285183e+01 -1.725635984288280156e+01 3.518534810337475200e+16 3.518534810337475200e+16
6.751706908472769442e+01 -1.619792149069607134e+01 6.751685589820486655e+01 -1.619616825685720585e+01 3.518537125173961600e+16 3.518537125173961600e+16
6.758819781299104079e+01 -1.900764163361323611e+01 6.758624476567136696e+01 -1.900830950222620075e+01 3.518530787161260000e+16 3.518530787161260400e+16
6.724174769999007140e+01 -1.632109701531683399e+01 6.724381891219289287e+01 -1.631931478440485606e+01 3.518537124754329600e+16 3.518537124754338400e+16
5.763949930033398772e+01 -1.056623559616969210e+01 5.764032273358684932e+01 -1.056460976176565580e+01 3.518550629993798800e+16 3.518550629993798800e+16
5.733363488954298504e+01 -1.002790602853546353e+01 5.733144920972448233e+01 -1.002829894860010462e+01 3.518551819079039200e+16 3.518551819079039200e+16
5.862353325312113839e+01 -1.099824137508205979e+01 5.862523194342472976e+01 -1.099880613790892525e+01 3.518549443425315200e+16 3.518549443425315200e+16
5.907813663299902629e+01 -1.003109257759486006e+01 5.907995373946078388e+01 -1.003223072602253829e+01 3.518551822015056000e+16 3.518551822015056400e+16
7.403984831566701530e+01 -1.156744034328869297e+01 7.404043030875584464e+01 -1.156678298907999292e+01 3.518548283280692800e+16 3.518548283280693200e+16
7.494384467212314860e+01 -1.003827052814891552e+01 7.494497664281526284e+01 -1.003686586432532657e+01 3.518551848019706400e+16 3.518551848019706800e+16
7.031577506660947563e+01 -1.234701546530357597e+01 7.031544316348225721e+01 -1.234673685307433644e+01 3.518546502798571200e+16 3.518546502798571200e+16
7.266082879687937179e+01 -1.015665164581504243e+01 7.265990360803500892e+01 -1.015488312055077103e+01 3.518551249492825600e+16 3.518551249492829600e+16
7.309107455500216588e+01 -1.028075068569689599e+01 7.308905168427436649e+01 -1.028053498885169681e+01 3.518551249912027600e+16 3.518551249912028000e+16
7.317043390897408983e+01 -1.180216959481727557e+01 7.317017873749900048e+01 -1.179962772366461188e+01 3.518547689367142400e+16 3.518547689367144000e+16
7.423334626328130526e+01 -6.572650548133565529e+00 7.423527259646301957e+01 -6.572652838090646377e+00 3.518560220689339200e+16 3.518560220689339200e+16
7.428767558028042117e+01 -6.457515958202247219e+00 7.428502902184962409e+01 -6.456763093691753497e+00 3.518560220689616000e+16 3.518560220689622000e+16
7.392306513843418259e+01 -6.701553698514562285e+00 7.392548147753372234e+01 -6.701000228244996748e+00 3.518559619645872400e+16 3.518559619645872800e+16
7.500699379270687928e+01 -8.817088151122931095e+00 7.500828336509657390e+01 -8.818680462452576307e+00 3.518554829750374800e+16 3.518554829750374800e+16
7.409743032701500454e+01 -9.885611944843359922e+00 7.409841802088762108e+01 -9.885245557649998460e+00 3.518551846761868800e+16 3.518551846761868800e+16
7.478616384588899280e+01 -6.755078261809315698e+00 7.478703940164318453e+01 -6.752829910471553454e+00 3.518559620903971200e+16 3.518559620903977600e+16
7.486675825794651473e+01 -6.668635023294475772e+00 7.486588117307711343e+01 -6.670024474150994642e+00 3.518559620904118800e+16 3.518559620904119200e+16
7.050942664488856337e+01 -9.096996530979893691e+00 7.051084718238388405e+01 -9.096817953301803428e+00 3.518554224931709200e+16 3.518554224931709200e+16
7.004830737240567373e+01 -9.090952472992753997e+00 7.004817516979132108e+01 -9.091402953926492003e+00 3.518554224512316000e+16 3.518554224512316000e+16
7.049547692647644226e+01 -6.869565085320874509e+00 7.049418113848906842e+01 -6.869251801313636108e+00 3.518559613773429600e+16 3.518559613773429600e+16
7.097904241945649062e+01 -9.052284580226572785e+00 7.097809530586378912e+01 -9.051596771745227699e+00 3.518554225770652000e+16 3.518554225770652000e+16
7.005569302699251466e+01 -9.216956484205560685e+00 7.005738785789714029e+01 -9.216222878942947005e+00 3.518553627663119600e+16 3.518553627663120000e+16
7.554450228846204141e+01 -7.170497495748803907e+00 7.554367086899095796e+01 -7.168124818204312909e+00 3.518558422591282400e+16 3.518558422591291600e+16
7.543664214410456736e+01 -9.470658780325880599e+00 7.543589111687964532e+01 -9.471152102248618476e+00 3.518553040040984000e+16 3.518553040040984400e+16
7.527430420851453619e+01 -6.886989386273625335e+00 7.527591379113233927e+01 -6.887335024509529724e+00 3.518559021957535200e+16 3.518559021957535600e+16
7.549315574516397476e+01 -5.801842349281375988e+00 7.549152210779493544e+01 -5.799709457467811191e+00 3.518562025498324000e+16 3.518562025498327200e+16
7.580849708467069092e+01 -5.287006309621033573e+00 7.580826131751322805e+01 -5.286511886314526620e+00 3.518563229263564000e+16 3.518563229263564400e+16
7.578322136904766637e+01 -5.832602187128159699e+00 7.578374643186529624e+01 -5.830468420815407171e+00 3.518562025917691200e+16 3.518562025917695200e+16
7.187381625615149972e+01 -7.896048521552377686e+00 7.187392414366544813e+01 -7.896135340486370779e+00 3.518556618621497600e+16 3.518556618621497600e+16
7.197366145861094822e+01 -7.276125015753308389e+00 7.197324071265479972e+01 -7.274059261874976201e+00 3.518558416299800000e+16 3.518558416299800000e+16
7.183715066352509382e+01 -5.699324546974016137e+00 7.183514739323223353e+01 -5.697552385492648419e+00 3.518562019626491600e+16 3.518562019626491600e+16
7.106110373865352869e+01 -5.077948416592224845e+00 7.106011724414005926e+01 -5.077863273855148130e+00 3.518563823596464400e+16 3.518563823596464800e+16
7.173817655431497542e+01 -8.855740109482947986e+00 7.173832753039496879e+01 -8.856748236860612522e+00 3.518554824297718000e+16 3.518554824297718000e+16
7.223351690632291877e+01 -5.600038665146413130e+00 7.223337295584994422e+01 -5.599643914104999176e+00 3.518562621508876800e+16 3.518562621508877200e+16
7.206911804159584278e+01 -7.135904914690830658e+00 7.206771402088786260e+01 -7.136621148273814441e+00 3.518558416719490400e+16 3.518558416719490800e+16
7.295460889550744810e+01 -9.716912272491661895e+00 7.295426879469135883e+01 -9.717527323545187556e+00 3.518552440255658400e+16 3.518552440255658400e+16
7.304934975808215825e+01 -5.633418957779921854e+00 7.305081783817463759e+01 -5.633148937160728842e+00 3.518562021304476800e+16 3.518562021304476800e+16
7.212491707146406839e+01 -7.674238316146052341e+00 7.212713480450602788e+01 -7.673767112184131101e+00 3.518557217987448400e+16 3.518557217987448800e+16
7.239127009451493677e+01 -8.763113534502631197e+00 7.239077693569043959e+01 -8.760893555228689067e+00 3.518554825556230000e+16 3.518554825556233600e+16
7.330964054471510849e+01 -5.650867528312711663e+00 7.331073523975877038e+01 -5.649780258675733968e+00 3.518562022143264000e+16 3.518562022143264000e+16
7.337297652347760391e+01 -5.609278557615364313e+00 7.337171611290389706e+01 -5.607730569479879357e+00 3.518562623606000400e+16 3.518562623606004000e+16
7.348710938453112362e+01 -7.064504361986131187e+00 7.348491174595426401e+01 -7.065187070455193563e+00 3.518559018601812000e+16 3.518559018601814000e+16
7.332179377795419839e+01 -6.181379510580433667e+00 7.331966656536648941e+01 -6.180193266309743194e+00 3.518560819636236800e+16 3.518560819636237200e+16
7.323863217635901890e+01 -6.132757400194591924e+00 7.323794731411389591e+01 -6.133387512167375100e+00 3.518560819636330400e+16 3.518560819636330800e+16
7.383154857965800488e+01 -8.091127052782921325e+00 7.383245666725416356e+01 -8.092606113198868911e+00 3.518556621557001200e+16 3.518556621557001600e+16
7.367553836658869670e+01 -8.035876775292400964e+00 7.367742386114326791e+01 -8.036444355352410085e+00 3.518556621557081600e+16 3.518556621557082400e+16
7.377445459229635105e+01 -8.354707905159648007e+00 7.377221411165083964e+01 -8.355714558211493781e+00 3.518556023449245600e+16 3.518556023449245600e+16
4.828376731003104538e+01 -5.400929373751061080e-01 4.828298761757314139e+01 -5.394404279705748984e-01 3.518574648256260000e+16 3.518574648256260000e+16
4.898631602376512717e+01 -2.555974645399796241e+00 4.898475219058715169e+01 -2.556899466815235389e+00 3.518569817256899200e+16 3.518569817256899200e+16
4.884836619598964802e+01 -9.466410820971180584e-01 4.884893538583671102e+01 -9.462214108729893880e-01 3.518573441135686400e+16 3.518573441135686800e+16
4.804576422231263422e+01 -1.264532876950067442e+00 4.804491220875878099e+01 -1.265451658921003197e+00 3.518572835897662800e+16 3.518572835897662800e+16
4.809831482983224760e+01 -1.123354439796808296e-01 4.809972296241317480e+01 -1.103357498955836041e-01 3.518575855796252800e+16 3.518575855796252800e+16
4.846078003552457858e+01 -1.354638066646758343e+00 4.846158155023010039e+01 -1.354262500971265437e+00 3.518572836316810400e+16 3.518572836316810400e+16
4.972465663433072791e+01 -2.061910137484100680e+00 4.972208902316771173e+01 -2.062343772385743623e+00 3.518571026474708800e+16 3.518571026474710000e+16
4.985418623340833477e+01 -8.417594743880723041e-01 4.985429351954621779e+01 -8.424506702377352330e-01 3.518574046792997600e+16 3.518574046792997600e+16
4.919274798724735120e+01 -1.610603330463562244e-01 4.919381574528824075e+01 -1.604253892438169959e-01 3.518575253494586000e+16 3.518575253494586400e+16
4.919250077393065368e+01 -1.575100966606023611e+00 4.919327788519007782e+01 -1.575873069905657786e+00 3.518572233595385600e+16 3.518572233595385600e+16
4.962108714978454316e+01 -2.402797523337154573e+00 4.962259765178465187e+01 -2.402675068657724289e+00 3.518569818515530800e+16 3.518569818515531200e+16
4.644543758597953342e+01 -9.565768837457825358e-01 4.644457887579222444e+01 -9.540380004640094391e-01 3.518573436941502800e+16 3.518573436941508000e+16
4.651030358839995671e+01 -5.450590187204681220e-02 4.651109214248948831e+01 -5.574072626116338691e-02 3.518575853279788000e+16 3.518575853279788000e+16
4.739843330769492269e+01 -1.586768747876931451e+00 4.739920499135602228e+01 -1.588208729680289366e+00 3.518572230659351200e+16 3.518572230659351600e+16
4.701172988263316199e+01 -1.643180029315882695e+00 4.701339610643483269e+01 -1.641815717048215717e+00 3.518571626260497200e+16 3.518571626260499200e+16
4.751389336029323829e+01 -7.788993110480902926e-01 4.751255570264853390e+01 -7.793687226580019445e-01 3.518574043018218000e+16 3.518574043018218400e+16
6.831672615110873892e+01 -9.749792884245146729e-02 6.831530979969183193e+01 -9.620819921018661236e-02 3.518575889770144000e+16 3.518575889770147600e+16
6.871789740213667130e+01 -8.297400847250959721e-01 6.871644434225265741e+01 -8.315786144021674042e-01 3.518574078250268000e+16 3.518574078250268800e+16
6.862288920357576671e+01 -2.107003524471971367e+00 6.862385535322803776e+01 -2.104760225083289527e+00 3.518571058351346400e+16 3.518571058351346400e+16
6.895115732260160257e+01 -3.012762639957338173e+00 6.895276887236995833e+01 -3.013978681866124276e+00 3.518568642851892800e+16 3.518568642851892800e+16
6.883770848172729018e+01 -2.960748046507320819e+00 6.884015600853503258e+01 -2.961954975563684034e+00 3.518568642852015600e+16 3.518568642852016000e+16
6.898137501014194584e+01 -3.939899451535941122e+00 6.898306490665788715e+01 -3.940927702005377675e+00 3.518566230288382000e+16 3.518566230288382400e+16
6.839205279937479531e+01 -8.231310192140449677e-01 6.839430756183733706e+01 -8.232461976958516114e-01 3.518574077830843600e+16 3.518574077830844000e+16
6.275887271826903913e+01 -1.484938237648497861e+00 6.275666176366934224e+01 -1.483528067726134880e+00 3.518572256664284000e+16 3.518572256664289200e+16
6.236937343269569567e+01 -3.689239075935658807e+00 6.236891769001282171e+01 -3.691599717750388088e+00 3.518566822524118000e+16 3.518566822524118400e+16
6.214678982513289185e+01 -1.237924392418029429e+00 6.214589958947301085e+01 -1.238800618503918649e+00 3.518572859385756000e+16 3.518572859385756400e+16
6.292986685282118486e+01 -7.632846532493230418e-01 6.292874270046613105e+01 -7.646902788136373808e-01 3.518574068603480400e+16 3.518574068603480800e+16
6.320750586117691938e+01 -2.228528192835711241e+00 6.320588588681179942e+01 -2.229529587230969057e+00 3.518570445144471200e+16 3.518570445144471200e+16
6.363978758275299441e+01 -2.426408341674671232e-01 6.363820715074596990e+01 -2.414738304702190030e-01 3.518575277821359200e+16 3.518575277821359600e+16
6.383864806712182371e+01 -2.020240655343202629e+00 6.383815971477785212e+01 -2.020888670306040247e+00 3.518571050382324400e+16 3.518571050382324400e+16
6.381364764396303002e+01 -4.049028960001417765e+00 6.381464850743608963e+01 -4.047956758024303880e+00 3.518566221480075200e+16 3.518566221480075200e+16
6.464312847033059484e+01 -2.430805199032828323e+00 6.464297926014060636e+01 -2.431543363443899430e+00 3.518569843681360000e+16 3.518569843681360400e+16
6.431944925148805225e+01 -4.059155223367736376e-01 6.431947534075609951e+01 -4.075861809638497979e-01 3.518574675100092400e+16 3.518574675100092400e+16
6.413634540141036666e+01 -1.583427345666832964e-01 6.413519552805118451e+01 -1.576885233545497478e-01 3.518575278660380000e+16 3.518575278660380000e+16
6.067139352742076142e+01 -1.479506448720514733e+00 6.067127513509904446e+01 -1.480841846795064809e+00 3.518572252889361200e+16 3.518572252889361200e+16
6.107176070964030856e+01 -4.078923923064778911e+00 6.107226425570947725e+01 -4.079614073029286025e+00 3.518566216866306800e+16 3.518566216866307200e+16
6.048630779982915584e+01 -3.188401021723185735e+00 6.048540791702475872e+01 -3.186341036460440979e+00 3.518568025450445200e+16 3.518568025450450000e+16
6.009459886006730045e+01 -1.848314477728516980e+00 6.009341182043770146e+01 -1.847906377843719472e+00 3.518571648070491200e+16 3.518571648070491600e+16
6.023514432359833393e+01 -1.588791792204329534e+00 6.023587741334336698e+01 -1.589264979482186702e+00 3.518572252050288800e+16 3.518572252050288800e+16
6.904827934769808451e+01 -1.673396151442403612e+00 6.904748669027293317e+01 -1.670869828448811933e+00 3.518571663170360800e+16 3.518571663170365200e+16
6.943469830935934795e+01 -1.948019964692676853e-01 6.943663233152386738e+01 -1.943308612078802067e-01 3.518575287468452800e+16 3.518575287468453600e+16
6.945142367874849754e+01 -1.365129193926317708e+00 6.945329465103213806e+01 -1.363742698303493039e+00 3.518572871548953600e+16 3.518572871548957600e+16
6.994208541936605172e+01 -3.500577478478666293e+00 6.994331647667360130e+01 -3.498349668691581815e+00 3.518567438247812000e+16 3.518567438247817600e+16
6.971145696725659491e+01 -4.396642814078253636e+00 6.970991842736975741e+01 -4.397253721020771167e+00 3.518565026103820000e+16 3.518565026103820400e+16
6.929031678484984980e+01 -3.525365584907427685e+00 6.929245262313540366e+01 -3.523743937540912530e+00 3.518567436989404400e+16 3.518567436989404800e+16
6.980680991592474527e+01 -1.836739024672379150e+00 6.980487428596397592e+01 -1.837550657059227488e+00 3.518571664428304400e+16 3.518571664428304800e+16
6.989450407047159786e+01 -9.532655892044409329e-01 6.989320722646957051e+01 -9.524914182301267296e-01 3.518573476367936000e+16 3.518573476367936000e+16
6.929068968512311244e+01 -3.110260525498738549e+00 6.929163679488326011e+01 -3.110184584891770854e+00 3.518568643690528000e+16 3.518568643690528000e+16
6.540351522122104200e+01 -2.164031389368126668e+00 6.540293651702646116e+01 -2.165508915865135720e+00 3.518570448919364000e+16 3.518570448919364400e+16
6.575403627302790710e+01 -2.111929667717038051e+00 6.575433067174523671e+01 -2.110414180550049590e+00 3.518571053737610000e+16 3.518571053737610000e+16
6.558193898651983034e+01 -4.796514408716766376e+00 6.558124121233618098e+01 -4.797411223387420875e+00 3.518564416671096800e+16 3.518564416671097200e+16
6.558193898651983034e+01 -4.796514408716766376e+00 6.558099063353077440e+01 -4.797341163049195778e+00 3.518564416671096800e+16 3.518564416671097200e+16
6.558124121233618098e+01 -4.797411223387420875e+00 6.558099063353077440e+01 -4.797341163049195778e+00 3.518564416671097200e+16 3.518564416671097200e+16
6.147280111650997014e+01 -4.388364966517448451e+00 6.147280061494890901e+01 -4.389810672170479933e+00 3.518565012262510400e+16 3.518565012262511200e+16
6.147457696530026539e+01 -3.834674523586929507e+00 6.147315610162078769e+01 -3.834412147598841081e+00 3.518566820846084400e+16 3.518566820846084800e+16
6.188880374142134855e+01 -1.070047936346273376e+00 6.189116415839396268e+01 -1.070023169249690875e+00 3.518573462945894000e+16 3.518573462945894000e+16
6.130263965569489670e+01 -4.336622846531439812e+00 6.130172457885481663e+01 -4.334673163091787629e+00 3.518565614144798400e+16 3.518565614144798400e+16
6.208306401510928652e+01 -3.214146182529418638e+00 6.208241514031237784e+01 -3.211760528640227985e+00 3.518568027967014400e+16 3.518568027967020800e+16
6.191457081754750646e+01 -7.146212673627863055e-01 6.191639198849715342e+01 -7.140491059156250930e-01 3.518574066925852800e+16 3.518574066925853200e+16
6.633286533479046909e+01 -1.238266968249461808e+00 6.633485804837435751e+01 -1.237416172368139389e+00 3.518572866516051200e+16 3.518572866516051600e+16
6.672897387295216731e+01 -3.620231583856893032e+00 6.672955974970413706e+01 -3.619390271990812202e+00 3.518567432794943200e+16 3.518567432794943200e+16
6.600895124366843447e+01 -2.389288628933334380e+00 6.601112236497753827e+01 -2.390157912018475717e+00 3.518569846197924000e+16 3.518569846197924000e+16
6.607350689246361242e+01 -2.937643748815131239e+00 6.607211381154671415e+01 -2.935360000249046308e+00 3.518568638238295600e+16 3.518568638238300800e+16
6.742659073424300686e+01 -2.962974022755064052e+00 6.742527893494380464e+01 -2.964750319042197546e+00 3.518568640335394400e+16 3.518568640335394800e+16
6.787268793258481026e+01 -4.764615191401430749e+00 6.787355034819182720e+01 -4.762183344535041662e+00 3.518564420446070400e+16 3.518564420446070800e+16
6.773332571493520504e+01 -3.109253988282215886e+00 6.773155194946403412e+01 -3.109110205923963033e+00 3.518568640754514400e+16 3.518568640754514400e+16
6.727796710160860982e+01 -2.385920681251939346e+00 6.727549917542179969e+01 -2.385277851443495134e+00 3.518569848295084800e+16 3.518569848295085200e+16
6.705685871393446007e+01 -3.048162233331964899e+00 6.705886268593008026e+01 -3.048214179939692681e+00 3.518568639915780800e+16 3.518568639915780800e+16
6.798253423818812280e+01 -4.085564852168807271e+00 6.798219840280297888e+01 -4.083586194456050755e+00 3.518566228610334000e+16 3.518566228610334000e+16
6.007847320324877671e+01 -4.138933245521397630e+00 6.007800589136964220e+01 -4.136441748177944078e+00 3.518565612048129200e+16 3.518565612048134800e+16
6.860546932397687669e+01 -6.082795244263078160e+00 6.860717802136655052e+01 -6.082111018030609273e+00 3.518561412710505200e+16 3.518561412710505600e+16
6.880940286184677745e+01 -8.094387060935938294e+00 6.881033368542340156e+01 -8.094777320106015139e+00 3.518556613168414800e+16 3.518556613168414800e+16
6.883512427666335043e+01 -8.215243802188950895e+00 6.883452076108197559e+01 -8.215106445188702367e+00 3.518556015060931200e+16 3.518556015060931600e+16
6.806177822034096891e+01 -5.500682202595053916e+00 6.806034788492195275e+01 -5.500209296588181473e+00 3.518562614798225600e+16 3.518562614798226400e+16
6.814047550579597612e+01 -5.394081982701702138e+00 6.813804725145834595e+01 -5.394155244227302859e+00 3.518562614798463600e+16 3.518562614798464000e+16
6.837760814358405526e+01 -5.735999257840837195e+00 6.837721166130647532e+01 -5.733496739362892392e+00 3.518562013754460400e+16 3.518562013754469200e+16
6.816753746215489684e+01 -6.533792604836948570e+00 6.816861953621089754e+01 -6.532420219884509827e+00 3.518560210623096400e+16 3.518560210623096800e+16
6.902861262668974973e+01 -8.049281936205499477e+00 6.902854140483289314e+01 -8.049891418760211081e+00 3.518556613587965200e+16 3.518556613587965200e+16
6.207962743708841202e+01 -5.420616287674291378e+00 6.207937732667218711e+01 -5.420372125316634815e+00 3.518562604732006400e+16 3.518562604732006400e+16
6.209862698623275179e+01 -9.617705328773608286e+00 6.209842218798240054e+01 -9.618022547417648838e+00 3.518553018230398400e+16 3.518553018230398400e+16
6.294152586867736687e+01 -9.061487511780365267e+00 6.294055890448994717e+01 -9.061627071408846490e+00 3.518554212348872000e+16 3.518554212348872400e+16
6.221653524696491644e+01 -9.243363546868085479e+00 6.221647691365539146e+01 -9.241664465164312503e+00 3.518553614660660000e+16 3.518553614660660000e+16
6.275669093699961820e+01 -8.232385265874778923e+00 6.275740856088741282e+01 -8.233242537447203802e+00 3.518556004994571200e+16 3.518556004994571200e+16
6.386231677278252761e+01 -7.214289466485297453e+00 6.386392942603627887e+01 -7.213047989512217484e+00 3.518558402878255600e+16 3.518558402878255600e+16
6.386516227160602455e+01 -6.898697820776230394e+00 6.386537191353497178e+01 -6.897074505444396486e+00 3.518559002663775200e+16 3.518559002663775200e+16
6.381752365733501620e+01 -8.670008806310770311e+00 6.381849842664071559e+01 -8.671136803822331984e+00 3.518554811295822000e+16 3.518554811295822000e+16
6.359859575621835859e+01 -9.267227396695929542e+00 6.359701191235269846e+01 -9.267271541639260590e+00 3.518553617177231200e+16 3.518553617177231600e+16
6.475293101246144545e+01 -8.045893364595439579e+00 6.475464051463767134e+01 -8.044393070931393552e+00 3.518556606457578400e+16 3.518556606457581600e+16
6.411519275774857363e+01 -9.675721409437612053e+00 6.411326863894527150e+01 -9.676441464760298317e+00 3.518552425575643600e+16 3.518552425575644000e+16
6.488011024119558101e+01 -8.205774570636009457e+00 6.488087048719754080e+01 -8.206507131518373299e+00 3.518556008350043600e+16 3.518556008769511600e+16
6.421927255994667405e+01 -7.446967958371208951e+00 6.421733358457352381e+01 -7.447980162470424048e+00 3.518557803931581200e+16 3.518557803931582000e+16
6.428773094912800445e+01 -5.859497065512982772e+00 6.428879680340932623e+01 -5.857613271617967854e+00 3.518562007043310400e+16 3.518562007043310800e+16
6.089462712768256125e+01 -5.815953671326099972e+00 6.089626948770020931e+01 -5.814839396807295557e+00 3.518562001171386400e+16 3.518562001171386800e+16
6.081020743527809458e+01 -6.217388456586349754e+00 6.081236671056358034e+01 -6.218078817229607758e+00 3.518560798664548400e+16 3.518560798664548800e+16
6.023185113458640672e+01 -7.844672294098082865e+00 6.023368552556367206e+01 -7.843511782627309969e+00 3.518557197854384800e+16 3.518557197854384800e+16
6.051953829717804467e+01 -9.649240285003530815e+00 6.051790498439790866e+01 -9.647123063694648337e+00 3.518552419703670400e+16 3.518552419703678400e+16
6.981063678382490423e+01 -8.042844773389163038e+00 6.981176592439595652e+01 -8.041975957310338430e+00 3.518556614846222400e+16 3.518556614846223200e+16
6.978858022194674504e+01 -7.209050158360851945e+00 6.978823358235523244e+01 -7.210165740388981170e+00 3.518558412944557600e+16 3.518558412944557600e+16
6.992791906131583346e+01 -8.191282198953439675e+00 6.992740456712044761e+01 -8.193982097847056778e+00 3.518556016738648000e+16 3.518556016738648000e+16
6.976078555226088440e+01 -6.531262061470282099e+00 6.975978321957801143e+01 -6.529815568738157161e+00 3.518560213139682400e+16 3.518560213139682800e+16
6.993693214515384682e+01 -7.441536347634198023e+00 6.993810875033028651e+01 -7.441980105514836907e+00 3.518557813159100800e+16 3.518557813159101200e+16
6.575812681498101142e+01 -6.781540399496900129e+00 6.575913016533937139e+01 -6.779781133367559498e+00 3.518559605804422800e+16 3.518559605804423200e+16
6.582972132159832768e+01 -6.774353409632920098e+00 6.583144156488073406e+01 -6.774278900593449393e+00 3.518559605804436800e+16 3.518559605804436800e+16
6.610643723516186299e+01 -6.218808603671260649e+00 6.610747386860107611e+01 -6.217835404163653656e+00 3.518560807472722400e+16 3.518560807472722400e+16
6.512558512539412447e+01 -6.913010418006653168e+00 6.512301217031362910e+01 -6.913532765990180629e+00 3.518559004760923200e+16 3.518559004760924000e+16
6.577389670692349455e+01 -9.763696458917811682e+00 6.577630536418136842e+01 -9.764956097059211970e+00 3.518552428511452000e+16 3.518552428511452000e+16
6.564982402354686997e+01 -5.451976861209928416e+00 6.565124554750154573e+01 -5.451246885264941611e+00 3.518562610603916000e+16 3.518562610603916000e+16
6.495828445000294948e+01 -9.738467274691251063e+00 6.496004641247368738e+01 -9.738033507695362800e+00 3.518552427253239200e+16 3.518552427253239600e+16
6.573740449714071588e+01 -9.545339989476508080e+00 6.573920775153594320e+01 -9.543371243833455253e+00 3.518553024102591600e+16 3.518553024102595600e+16
6.161035452198616724e+01 -6.325222355202069657e+00 6.161041574331933646e+01 -6.326340089979384018e+00 3.518560800342111200e+16 3.518560800342111200e+16
6.188590090095858187e+01 -6.573955840502804904e+00 6.188604929487656392e+01 -6.573029858045181584e+00 3.518560200137236000e+16 3.518560200137236800e+16
6.130686914005484311e+01 -5.166628096418329541e+00 6.130441020776091676e+01 -5.167507940006362155e+00 3.518563204936988400e+16 3.518563204936990400e+16
6.154504020147699350e+01 -7.129784791960163126e+00 6.154404021491379240e+01 -7.129026228889027372e+00 3.518558399103467600e+16 3.518558399103468000e+16
6.166182016618205353e+01 -8.169316247179748913e+00 6.166386225149437195e+01 -8.168422505702437775e+00 3.518556003316990000e+16 3.518556003316993600e+16
6.101696876711744011e+01 -7.537073331268072884e+00 6.101779182311059913e+01 -7.536316357804215826e+00 3.518557798478816000e+16 3.518557798478816000e+16
6.114431345312212329e+01 -7.416720592159713910e+00 6.114396386583884890e+01 -7.415724502407169183e+00 3.518557798479023200e+16 3.518557798479023200e+16
6.133340371716656847e+01 -6.623673030343923074e+00 6.133269468211604192e+01 -6.623551581071368766e+00 3.518560198878825200e+16 3.518560198878825600e+16
6.146801951570117950e+01 -7.957343334414642477e+00 6.146705332400482291e+01 -7.955042847432168607e+00 3.518556601005216400e+16 3.518556601005222400e+16
6.149798224297742166e+01 -7.915710723722198416e+00 6.149796700658541226e+01 -7.913817251736182001e+00 3.518556601005316000e+16 3.518556601005316000e+16
6.622929583267040243e+01 -9.135754614589524536e+00 6.623083472944314565e+01 -9.134083493845119861e+00 3.518553621371885600e+16 3.518553621371885600e+16
6.630795631740818408e+01 -6.911833000870892363e+00 6.630730800568224481e+01 -6.912383951348960665e+00 3.518559006858041600e+16 3.518559006858042000e+16
6.700319173495422831e+01 -6.138710234198065052e+00 6.700248383888144588e+01 -6.137441533273087835e+00 3.518560809150556800e+16 3.518560809150556800e+16
6.682883591371232512e+01 -5.027214316272738515e+00 6.683037732691752808e+01 -5.025398693906411474e+00 3.518563816466217600e+16 3.518563816466218000e+16
6.701443509307991064e+01 -6.777964847860501685e+00 6.701290213707186183e+01 -6.776746462069193733e+00 3.518559607901636400e+16 3.518559607901636400e+16
6.706001975183551167e+01 -7.200958961480893983e+00 6.705888622454257586e+01 -7.200968733985397385e+00 3.518558408330924800e+16 3.518558408330925200e+16
6.738078185542096321e+01 -9.341575548684707186e+00 6.738120786991143518e+01 -9.341780745893061066e+00 3.518553623468530800e+16 3.518553623468530800e+16
6.807989965597667492e+01 1.887467396335896774e+00 6.808096310326884293e+01 1.885929018954914937e+00 3.518580721188880800e+16 3.518580721188880800e+16
6.884041104112057496e+01 2.637158379925628737e-01 6.883883026581138154e+01 2.632646050490432543e-01 3.518576494589020000e+16 3.518576494589020000e+16
6.334854944623524631e+01 6.528289179845114809e-01 6.334865751919844712e+01 6.543944638252540136e-01 3.518577693320844800e+16 3.518577693320844800e+16
6.447746665957767220e+01 9.194849298508733781e-02 6.447940808371033938e+01 9.384718997834103071e-02 3.518575883059604400e+16 3.518575883059608800e+16
6.480267221852780324e+01 8.811854275848590712e-01 6.480289695021149043e+01 8.823699722446121108e-01 3.518578299817173200e+16 3.518578299817174000e+16
6.931028590291273872e+01 1.395313565154136404e+00 6.930963551365360331e+01 1.394116449037548389e+00 3.518579515326483600e+16 3.518579515326484000e+16
6.571599027427231476e+01 7.971128144886407974e-01 6.571466846381549942e+01 7.969686503727905214e-01 3.518577697096013600e+16 3.518577697096014400e+16
6.504934829293398479e+01 9.049239633312188003e-02 6.504954456062635870e+01 8.931940370977997645e-02 3.518575884318008800e+16 3.518575884318010400e+16
6.755058788484201671e+01 1.855740201111278687e+00 6.754998518910272765e+01 1.858223623757465193e+00 3.518580116370533200e+16 3.518580116370536800e+16
6.766525342570464829e+01 1.031347199522806513e+00 6.766325323938661995e+01 1.032540026985971249e+00 3.518578304431174000e+16 3.518578304431176400e+16
6.769661585328942977e+01 1.978124720134131209e-01 6.769485506811740549e+01 1.970293094436016690e-01 3.518576492491747600e+16 3.518576492491748000e+16
6.781193481732145756e+01 4.244053701990739280e-01 6.781064194479665730e+01 4.247871101018037554e-01 3.518577096890887200e+16 3.518577096890887200e+16
7.008123391367897170e+01 1.720371161538338578e+00 7.008110541855759834e+01 1.722382727208415121e+00 3.518580120564702000e+16 3.518580120564702400e+16
7.079677242733059472e+01 1.593314507762792598e+00 7.079892096720500660e+01 1.591796252916487742e+00 3.518579517843486800e+16 3.518579517843486800e+16
7.073884069258272689e+01 6.285708099315954200e-01 7.073798289199555711e+01 6.293866341515257368e-01 3.518577705484291200e+16 3.518577705484291200e+16
7.085460603205585528e+01 2.185552572589988772e-03 7.085378292063106187e+01 1.102125533502580895e-03 3.518575893964644400e+16 3.518575893964644800e+16
7.004388428018982893e+01 1.425647692652787013e+00 7.004254562676723594e+01 1.426695056261209293e+00 3.518579516584843600e+16 3.518579516584844800e+16
7.045867669823246615e+01 1.598336274003327118e+00 7.046129681940328737e+01 1.598826765068722233e+00 3.518579517004614400e+16 3.518579517004614800e+16
7.273861730034613515e+01 2.168226565453833243e-01 7.273624738382186194e+01 2.174231161572892923e-01 3.518576500880371200e+16 3.518576500880378800e+16
6.890784741227803067e+01 -1.011869198306777839e+01 6.890649518186162936e+01 -1.012022066640591866e+01 3.518551837953243600e+16 3.518551837953243600e+16
6.246996032572292279e+01 -1.285040654463741205e+01 6.247271302548194427e+01 -1.285010217758522444e+01 3.518545309099664800e+16 3.518545309099665600e+16
6.241143747537912390e+01 -1.030431668440299475e+01 6.241021032926060741e+01 -1.030510095641986545e+01 3.518551232295846000e+16 3.518551232295846000e+16
6.221708564492121951e+01 -1.020108625320399298e+01 6.221843621068216379e+01 -1.020026734568510030e+01 3.518551232296032800e+16 3.518551232296032800e+16
6.282452487816259890e+01 -1.141118327713012093e+01 6.282478562990846171e+01 -1.140912909008062037e+01 3.518548264826079200e+16 3.518548264826080000e+16
6.369454171897302786e+01 -1.189625853326858973e+01 6.369189973387777570e+01 -1.189609428343497122e+01 3.518547082451950400e+16 3.518547082451950800e+16
6.351266334455409890e+01 -1.291532670518976467e+01 6.351284893192581649e+01 -1.291641881822146409e+01 3.518544721897456800e+16 3.518544721897456800e+16
6.430615845703640332e+01 -1.243965114650228010e+01 6.430595226215163507e+01 -1.244145029099673039e+01 3.518545902174570400e+16 3.518545902174570400e+16
6.417627768323160353e+01 -1.381350713611296044e+01 6.417474954677503263e+01 -1.381344392584756875e+01 3.518542958611794000e+16 3.518542958611794400e+16
6.071373296339807979e+01 -1.344879981323623142e+01 6.071575298532594189e+01 -1.344700699843514435e+01 3.518543540361993200e+16 3.518543540361996400e+16
6.087625541615823721e+01 -1.146700205519817928e+01 6.087736266194676915e+01 -1.146861733006528183e+01 3.518548261470552000e+16 3.518548261470554000e+16
6.017089025346831477e+01 -1.032647871328416933e+01 6.017119459059587427e+01 -1.032738554447848678e+01 3.518551228940374400e+16 3.518551228940374400e+16
6.055274165783210094e+01 -1.164175449636175230e+01 6.055335653861740752e+01 -1.164187247003538417e+01 3.518547668815552400e+16 3.518547668815552400e+16
6.048894288157182331e+01 -1.276371469802119840e+01 6.048830278714775943e+01 -1.276423559473365543e+01 3.518545306163873600e+16 3.518545306163873600e+16
6.983981222316866422e+01 -1.193081546421459471e+01 6.984123479752028629e+01 -1.192949894247623632e+01 3.518547092518118400e+16 3.518547092518118400e+16
6.954859724976391533e+01 -1.101475248790445249e+01 6.955073002741153232e+01 -1.101570526097622249e+01 3.518549461460818400e+16 3.518549461460818400e+16
6.909018461953596102e+01 -1.091293014537081696e+01 6.908940392666337971e+01 -1.091206876969417472e+01 3.518549460622218400e+16 3.518549460622218400e+16
6.916305852298292223e+01 -1.137125740050366396e+01 6.916511687951883403e+01 -1.137269007576796476e+01 3.518548867547144000e+16 3.518548867547144000e+16
6.956160351804696518e+01 -1.228748166882107817e+01 6.956230465345834091e+01 -1.228731415348148026e+01 3.518546501540444800e+16 3.518546501540444800e+16
6.956160351804696518e+01 -1.228748166882107817e+01 6.956203780094854494e+01 -1.228776263363232246e+01 3.518546501540444800e+16 3.518546501540444800e+16
6.956160351804696518e+01 -1.228748166882107817e+01 6.956188488232203326e+01 -1.228716055853838895e+01 3.518546501540444800e+16 3.518546501540445200e+16
6.956230465345834091e+01 -1.228731415348148026e+01 6.956203780094854494e+01 -1.228776263363232246e+01 3.518546501540444800e+16 3.518546501540444800e+16
6.956230465345834091e+01 -1.228731415348148026e+01 6.956188488232203326e+01 -1.228716055853838895e+01 3.518546501540444800e+16 3.518546501540445200e+16
6.956203780094854494e+01 -1.228776263363232246e+01 6.956188488232203326e+01 -1.228716055853838895e+01 3.518546501540444800e+16 3.518546501540445200e+16
6.524774349711520927e+01 -1.334715921862702537e+01 6.524723735548538173e+01 -1.334682728884335390e+01 3.518544135952870800e+16 3.518544135952870800e+16
6.560105434732558649e+01 -1.004862127413475648e+01 6.560252487738949867e+01 -1.005061305370091240e+01 3.518551832500792000e+16 3.518551832500792000e+16
6.565671350289328245e+01 -1.446664516082018714e+01 6.565644308501416049e+01 -1.446656903668488603e+01 3.518541202456842000e+16 3.518541202456842000e+16
6.588324986543662476e+01 -1.061554333050953858e+01 6.588242331507856875e+01 -1.061346140928456450e+01 3.518550643415468800e+16 3.518550643415472400e+16
6.568229410304589067e+01 -1.489076555260154144e+01 6.568204140291129534e+01 -1.489057369109717399e+01 3.518540033504493600e+16 3.518540033504493600e+16
6.548870709097614906e+01 -1.056338140647931034e+01 6.548607597673546366e+01 -1.056245623435267156e+01 3.518550642576700000e+16 3.518550642576702400e+16
6.530950598495414283e+01 -1.040156684047617475e+01 6.530964671945426403e+01 -1.040043938191968032e+01 3.518550642576964000e+16 3.518550642576964400e+16
6.594238473280009316e+01 -1.168645222219662827e+01 6.594092326308570762e+01 -1.168522990666741279e+01 3.518547677623517600e+16 3.518547677623517600e+16
6.128032238209560489e+01 -1.049845155664536733e+01 6.128179745128257849e+01 -1.049847473349563742e+01 3.518550635865954800e+16 3.518550635865954800e+16
6.618885027114136221e+01 -1.158645405208111967e+01 6.618726460778506748e+01 -1.158528095204798802e+01 3.518548270278319200e+16 3.518548270278322000e+16
6.691990592408839689e+01 -1.081541443310009321e+01 6.692045435812298138e+01 -1.081705448024413485e+01 3.518550051179883200e+16 3.518550051179883200e+16
6.603721821502031730e+01 -1.321236226609764941e+01 6.603820396524831438e+01 -1.321337152688948358e+01 3.518544137211408400e+16 3.518544137211408400e+16
6.667840410779182037e+01 -1.062002355366714212e+01 6.667837368783384022e+01 -1.062153118733514034e+01 3.518550644673745200e+16 3.518550644673746000e+16
6.672472600397932752e+01 -1.176655052200064056e+01 6.672577981275333059e+01 -1.176575034747886406e+01 3.518547678881642800e+16 3.518547678881642800e+16
6.750955761085964468e+01 -1.395375837649998019e+01 6.751041961839699468e+01 -1.395445628763603629e+01 3.518542377700908000e+16 3.518542377700908000e+16
