6.892230049676166459e+01 -1.865816239537255683e+01 6.892241585750960553e+01 -1.865729427951272612e+01 3.518531361361816000e+16 3.518531361361816000e+16
6.994252542275209805e+01 -1.955932068798801282e+01 6.994333316716158322e+01 -1.955905490789552914e+01 3.518529648826993600e+16 3.518529648826993600e+16
6.974776411359709982e+01 -1.747086587602043295e+01 6.974785134941768661e+01 -1.747174210360041613e+01 3.518534236556714800e+16 3.518534236556714800e+16
7.910120345228945382e+01 -3.023396951029194923e+01 7.910155658509943066e+01 -3.023448245078290952e+01 3.518506109134856000e+16 3.518506109134856000e+16
7.994947276181125062e+01 -3.029994265477510496e+01 7.994897818239127218e+01 -3.030148535078847516e+01 3.518506110392918800e+16 3.518506110392919200e+16
9.019320843333426296e+01 -4.133056033210342406e+01 9.019305831961513320e+01 -4.133164185395569490e+01 3.518484555025710400e+16 3.518484555025710800e+16
7.489987503835855875e+01 -2.580813099565219204e+01 7.489860946812025588e+01 -2.580800889593603742e+01 3.518515710315966800e+16 3.518515710315967600e+16
7.558642923282312154e+01 -2.566467606368737719e+01 7.558550445171188414e+01 -2.566310973570351806e+01 3.518515711155204000e+16 3.518515711155204800e+16
7.655572279662433743e+01 -2.551376756927741951e+01 7.655665094727723385e+01 -2.551318152464675038e+01 3.518516258092181600e+16 3.518516258092181600e+16
7.701325345680895396e+01 -2.780532633597574943e+01 7.701341512877813500e+01 -2.780521609294513397e+01 3.518511393538243200e+16 3.518511393538243200e+16
7.732432392862193637e+01 -2.832686700043341332e+01 7.732419831115581133e+01 -2.832775835492387273e+01 3.518510326507264800e+16 3.518510326507264800e+16
7.777885480186411371e+01 -2.690187499540220273e+01 7.777859378432535209e+01 -2.689967698099014015e+01 3.518513005409770400e+16 3.518513005409775200e+16
7.726872653448795347e+01 -2.632026342995241919e+01 7.726725217472530005e+01 -2.632011211105603365e+01 3.518514626927192800e+16 3.518514626927192800e+16
7.721204137164681924e+01 -2.607000274008169427e+01 7.721287795681492128e+01 -2.606866281472105840e+01 3.518515169670116000e+16 3.518515169670116400e+16
7.721707220977741315e+01 -2.645377632364133191e+01 7.721695635967174098e+01 -2.645150859795925768e+01 3.518514085023526400e+16 3.518514085023526800e+16
7.811255682801687783e+01 -2.676183116813988150e+01 7.811163187452314105e+01 -2.676128933277445654e+01 3.518513545635761600e+16 3.518513545635761600e+16
7.996861088447295174e+01 -2.915888397160635392e+01 7.997153526631953468e+01 -2.915942053027357161e+01 3.518508210481444400e+16 3.518508210481444400e+16
7.951492871707721122e+01 -2.745003339940483755e+01 7.951361116003944574e+01 -2.744783940035577174e+01 3.518511932926093600e+16 3.518511932926111200e+16
7.971488250822933708e+01 -2.619962699540095841e+01 7.971677670274588934e+01 -2.619893026656833257e+01 3.518514630702410400e+16 3.518514630702410400e+16
7.928542592035189784e+01 -2.849954510627577164e+01 7.928698016924502667e+01 -2.849849389179044579e+01 3.518509797605788800e+16 3.518509797605789200e+16
7.986255047132503648e+01 -2.782671962734826110e+01 7.986019908930907718e+01 -2.782582625154904932e+01 3.518511398151956800e+16 3.518511398151956800e+16
7.909062209619204964e+01 -2.923347155676421849e+01 7.909088928836452226e+01 -2.923251077083879679e+01 3.518508209222893600e+16 3.518508209222893600e+16
7.972242057243917657e+01 -2.678065071849051648e+01 7.972269298824453188e+01 -2.677863022639264301e+01 3.518513548152348400e+16 3.518513548152348800e+16
7.969169415374379639e+01 -2.794474435284314495e+01 7.969251969352157516e+01 -2.794605232286672347e+01 3.518510863378588000e+16 3.518510863378589200e+16
7.354863997975486711e+01 -2.501761992054474248e+01 7.354743614172384980e+01 -2.501719395976462579e+01 3.518517347352928000e+16 3.518517347352928000e+16
8.624554682843306352e+01 -3.275255362855952512e+01 8.624661055327639758e+01 -3.275011266218140094e+01 3.518500962304318000e+16 3.518500962304323600e+16
8.677412321347827628e+01 -3.165521371531040984e+01 8.677218690286312608e+01 -3.165502993070783333e+01 3.518503009544444400e+16 3.518503009544444400e+16
8.683152787779772552e+01 -3.204075302224867983e+01 8.683002526736845539e+01 -3.204107746735282802e+01 3.518502496161183200e+16 3.518502496161183200e+16
8.703490552211975739e+01 -3.198656757152150121e+01 8.703553104801743245e+01 -3.198891238173312956e+01 3.518502496161329600e+16 3.518502496161329600e+16
8.616698094675894026e+01 -3.199489546786187688e+01 8.616647077228672913e+01 -3.199303800381842677e+01 3.518502494903061200e+16 3.518502494903061200e+16
8.673871765547974633e+01 -3.160695884838508363e+01 8.673899821410046229e+01 -3.160648361569863951e+01 3.518503525023800000e+16 3.518503525023800800e+16
8.294785233396544299e+01 -3.313566762862073745e+01 8.294651337275436731e+01 -3.313535909888990005e+01 3.518499943508204000e+16 3.518499943508204400e+16
8.251414239086116709e+01 -3.092065050638085566e+01 8.251113871715075732e+01 -3.092120509980835763e+01 3.518504553048238800e+16 3.518504553048250000e+16
8.288435759226807420e+01 -3.309742266668192201e+01 8.288293128536487586e+01 -3.309715991199462337e+01 3.518500449760126400e+16 3.518500449760126800e+16
8.223948976381231546e+01 -3.029122442294102768e+01 8.223671786394659478e+01 -3.029038368346199306e+01 3.518506113748415200e+16 3.518506113748420800e+16
8.293909354455830396e+01 -3.242384139384974162e+01 8.294203489399598084e+01 -3.242329654798784588e+01 3.518501467298749600e+16 3.518501467298754800e+16
8.256393308372611273e+01 -3.049776398901180841e+01 8.256202327951372411e+01 -3.049660728170317014e+01 3.518505592396567600e+16 3.518505592396568000e+16
8.767848354890902840e+01 -3.081896346221767757e+01 8.767601326854845922e+01 -3.082012176680751736e+01 3.518505079432950000e+16 3.518505079013521200e+16
8.776206174056693499e+01 -3.076967233864459317e+01 8.776021150545938099e+01 -3.076766483102827365e+01 3.518505079433124400e+16 3.518505079433131200e+16
8.751223618278439176e+01 -3.009243654236360399e+01 8.751203108709771072e+01 -3.009374292745316737e+01 3.518506644327736800e+16 3.518506644327736800e+16
8.716678428082850871e+01 -3.259604357967985777e+01 8.716550606973110860e+01 -3.259536437387368579e+01 3.518501473170305600e+16 3.518501473170305600e+16
8.771360941961737012e+01 -3.007779856636144444e+01 8.771112494041037166e+01 -3.007690081332820498e+01 3.518506644747226000e+16 3.518506644747226400e+16
8.725692032356634797e+01 -3.236313922049610170e+01 8.725865036120858065e+01 -3.236183995465172814e+01 3.518501984455924000e+16 3.518501984455924000e+16
8.325428811893392833e+01 -3.098150593353330251e+01 8.325504480327779788e+01 -3.098080589168371546e+01 3.518504553886946000e+16 3.518504553886946400e+16
8.345939170419863729e+01 -3.278458685912431747e+01 8.346238895505891264e+01 -3.278390619246238202e+01 3.518500958529376000e+16 3.518500958529376000e+16
8.358747141154236715e+01 -3.160236135595152973e+01 8.358824335831904762e+01 -3.160135234780149815e+01 3.518503520410074000e+16 3.518503520410074000e+16
8.407756164134353583e+01 -3.209220809691914411e+01 8.407913507719833035e+01 -3.209261534814757511e+01 3.518502491966764400e+16 3.518502491966765200e+16
8.835706575665427920e+01 -3.146269877812007465e+01 8.835836021763464032e+01 -3.146092060777272792e+01 3.518503527121333200e+16 3.518503527121336800e+16
8.886090310204961895e+01 -3.086191230137626462e+01 8.885980206387921498e+01 -3.085936492011362375e+01 3.518505081110560800e+16 3.518505081110562400e+16
8.845153647048661583e+01 -3.153777488188490707e+01 8.845454450841803862e+01 -3.153681359243088522e+01 3.518503527540561200e+16 3.518503527540569600e+16
8.856362839201636916e+01 -3.244139632269796181e+01 8.856465294295547608e+01 -3.244125837411208124e+01 3.518501475267875200e+16 3.518501475267875200e+16
8.979686249975456747e+01 -3.152525114950699248e+01 8.979813819583092993e+01 -3.152583665052091888e+01 3.518503529218332800e+16 3.518503529218332800e+16
8.409117049195107541e+01 -3.472636923823365862e+01 8.408988692697435852e+01 -3.472604735342059712e+01 3.518496936191922400e+16 3.518496936191944400e+16
8.388632035439782442e+01 -3.089703051759004637e+01 8.388363936247270658e+01 -3.089650706556503934e+01 3.518504555145510400e+16 3.518504555145510800e+16
8.434861254776822648e+01 -3.375951848149161805e+01 8.435018241175629328e+01 -3.375729701867042820e+01 3.518498936874946400e+16 3.518498936874948000e+16
8.425420146997048221e+01 -3.279214140249749931e+01 8.425509473937736971e+01 -3.279359612585753325e+01 3.518500959787632800e+16 3.518500959787633200e+16
8.544594578078415736e+01 -3.370652374453108280e+01 8.544519741979561900e+01 -3.370870766366078897e+01 3.518498938133263200e+16 3.518498938133263200e+16
8.563562056491649344e+01 -3.341052208811823476e+01 8.563292451737464717e+01 -3.340970718648912907e+01 3.518499442288760000e+16 3.518499442288760800e+16
8.578431618679589121e+01 -3.436688500438729932e+01 8.578233289313773469e+01 -3.436626845511744222e+01 3.518497935694257600e+16 3.518497935694257600e+16
8.594508542218595437e+01 -3.238521468453370744e+01 8.594416233934032334e+01 -3.238560558755806085e+01 3.518501471493106400e+16 3.518501471493106400e+16
8.510274331900551203e+01 -3.427999604712307757e+01 8.510161501251407401e+01 -3.427851230154415418e+01 3.518497934855593200e+16 3.518497934855593200e+16
8.159963298277637023e+01 -3.114262435548739916e+01 8.160118661823936748e+01 -3.114059516201467659e+01 3.518504033793509600e+16 3.518504033793519200e+16
8.208584441780992336e+01 -3.294603742995218454e+01 8.208423783990099309e+01 -3.294378659501687423e+01 3.518500448502238000e+16 3.518500448502249600e+16
8.145334206633349083e+01 -3.138614621280103734e+01 8.145049912910097589e+01 -3.138544613545525053e+01 3.518503517474639200e+16 3.518503517474639600e+16
7.507420613590973346e+01 -1.754279578122286409e+01 7.507540819341356553e+01 -1.754088206791143634e+01 3.518534244945220800e+16 3.518534244945225200e+16
7.044835804669514800e+01 -1.978566863352952865e+01 7.044931543360132764e+01 -1.978392542417244115e+01 3.518529079659992000e+16 3.518529079659992400e+16
7.047889148263064385e+01 -1.898797315450358880e+01 7.047979209419517588e+01 -1.898708364783508173e+01 3.518530791775088800e+16 3.518530791775088800e+16
7.058275141809700415e+01 -1.770806998951629652e+01 7.058290943262059614e+01 -1.770899629886889315e+01 3.518533661517884800e+16 3.518533661517885200e+16
7.572988261606322169e+01 -1.760622204740056063e+01 7.572984308829725819e+01 -1.760545823309137248e+01 3.518534246203416800e+16 3.518534246203417600e+16
7.572952497547683492e+01 -1.844632355878406571e+01 7.573207729991398196e+01 -1.844550301682699711e+01 3.518531945208684000e+16 3.518531945208684000e+16
7.517678841768075415e+01 -1.828446341056879376e+01 7.517478012135991605e+01 -1.828419148198891975e+01 3.518532518569812000e+16 3.518532518569812000e+16
7.116090622077659589e+01 -1.806459752893713144e+01 7.115967159190446978e+01 -1.806333634044916536e+01 3.518533086897928400e+16 3.518533086897928800e+16
7.108291863778070763e+01 -1.816523356700886183e+01 7.108211250312402285e+01 -1.816545038095974363e+01 3.518532511859370400e+16 3.518532511859370400e+16
7.179202374011303789e+01 -1.952626644460982419e+01 7.179219700332843956e+01 -1.952890424493545751e+01 3.518529651763135200e+16 3.518529651763135200e+16
7.158212422701782884e+01 -1.911136824980415128e+01 7.158142697720737146e+01 -1.910900255261943315e+01 3.518530793452398400e+16 3.518530793452398800e+16
7.181632801231059204e+01 -1.813831235578704693e+01 7.181779115342186515e+01 -1.813837001077106592e+01 3.518532513117688800e+16 3.518532513117689200e+16
7.128776627746469785e+01 -1.887060885063106142e+01 7.128666055815091340e+01 -1.887005107039123430e+01 3.518531365136000800e+16 3.518531365136000800e+16
7.286728495402390138e+01 -1.822648982501401349e+01 7.286558180772333060e+01 -1.822478318621390514e+01 3.518532514795188800e+16 3.518532514795188800e+16
7.747555895022281902e+01 -1.928103484331336404e+01 7.747720409643414996e+01 -1.928136962985721681e+01 3.518530231415858000e+16 3.518530231415858000e+16
7.728383863553401056e+01 -1.970726003002397064e+01 7.728354770918230088e+01 -1.970872621298846283e+01 3.518529090565426000e+16 3.518529090565426400e+16
7.730787750439381512e+01 -1.819225648513683069e+01 7.730888223732097231e+01 -1.819474016627591695e+01 3.518532521925585200e+16 3.518532521925585600e+16
7.766830953503307455e+01 -1.775981464129722909e+01 7.766717543840223925e+01 -1.775745670642175611e+01 3.518533672842340400e+16 3.518533672842345200e+16
7.005511119164636114e+01 -1.761523272272774676e+01 7.005659636109504618e+01 -1.761609940274234631e+01 3.518534236975941600e+16 3.518534236975941600e+16
7.981229647478831168e+01 -1.738044368929402594e+01 7.981349764476115638e+01 -1.738096915461057890e+01 3.518534252914627600e+16 3.518534252914628000e+16
7.311559829497896601e+01 -1.978905137232990441e+01 7.311369393834503683e+01 -1.979013441356350356e+01 3.518529083854332000e+16 3.518529083854332000e+16
7.373924101440179868e+01 -1.818592512994499799e+01 7.373805034073828324e+01 -1.818590748111000721e+01 3.518532516053516400e+16 3.518532516053516800e+16
8.641252642983619126e+01 -3.612340295458653827e+01 8.641381828329006964e+01 -3.612493143553640351e+01 3.518494472876874000e+16 3.518494472876874400e+16
8.650921245115327451e+01 -3.574265193770924753e+01 8.650904523578860505e+01 -3.574219963627830765e+01 3.518494963191351200e+16 3.518494963191352000e+16
8.620338927660283446e+01 -3.704525198799536412e+01 8.620139524198474135e+01 -3.704337095890043940e+01 3.518492527978306800e+16 3.518492527978306800e+16
8.669357320194181682e+01 -3.716888075298285798e+01 8.669309512593970624e+01 -3.716848208420662303e+01 3.518492046053148000e+16 3.518492046053148000e+16
8.786276869455274152e+01 -3.707998600846291737e+01 8.786264160493252007e+01 -3.707810453245321014e+01 3.518492530494779200e+16 3.518492530494779200e+16
8.768677705226440366e+01 -3.680234652074217649e+01 8.768515097139582792e+01 -3.680276262846621194e+01 3.518493013678672400e+16 3.518493013678672800e+16
8.702136400252284432e+01 -3.557891747079104761e+01 8.702030699227998412e+01 -3.558030033501962208e+01 3.518495456021821600e+16 3.518495456021822000e+16
8.807117354749699700e+01 -3.777811664967440919e+01 8.807166305762309833e+01 -3.777722844431536942e+01 3.518491087654351200e+16 3.518491087654351200e+16
8.882139749675565099e+01 -3.509505578139471993e+01 8.882198253473157479e+01 -3.509592317630243485e+01 3.518496446296988800e+16 3.518496446296988800e+16
8.986228957601487366e+01 -3.722479482538886941e+01 8.986177449428737418e+01 -3.722708322901612377e+01 3.518492050666700800e+16 3.518492050666701600e+16
8.999850327977227948e+01 -3.986200838080512909e+01 9.000109566137733452e+01 -3.986254908787176277e+01 3.518487315297113200e+16 3.518487315297113200e+16
8.894714222750654642e+01 -3.912084868863946951e+01 8.894730632412822047e+01 -3.912177493555692109e+01 3.518488717033492000e+16 3.518488717033492000e+16
8.929043048683091399e+01 -3.940282083339386077e+01 8.929311787053272553e+01 -3.940374737434243002e+01 3.518487780445876400e+16 3.518487780445876800e+16
8.601557660428363761e+01 -3.551932629816594300e+01 8.601358867604781722e+01 -3.551753229982731597e+01 3.518495454344260400e+16 3.518495454344263600e+16
8.701571024620952244e+01 -2.255487713544142281e+01 8.701521309505565682e+01 -2.255368560150953172e+01 3.518522902289044000e+16 3.518522902289044400e+16
8.667413627337482751e+01 -2.042489311566576760e+01 8.667484485958397045e+01 -2.042661602016916689e+01 3.518527401938738400e+16 3.518527401938738400e+16
8.682557384062430117e+01 -2.270521037772854456e+01 8.682557082168875695e+01 -2.270630267694986415e+01 3.518522344027474400e+16 3.518522344027475200e+16
8.629703216559369139e+01 -2.467200781619622063e+01 8.629981734910072078e+01 -2.467197445771190445e+01 3.518517915681470000e+16 3.518517915681470000e+16
8.626160276234531921e+01 -2.017831370507711242e+01 8.626170883747911944e+01 -2.018026392182281725e+01 3.518527967750328400e+16 3.518527967750329200e+16
8.659438790665153363e+01 -2.372103174102193179e+01 8.659530248865902990e+01 -2.372321837755129081e+01 3.518520121465774800e+16 3.518520121465774800e+16
8.648115240795273451e+01 -2.013787937875706291e+01 8.648043752143472318e+01 -2.013998024362717487e+01 3.518527968169893600e+16 3.518527968169893600e+16
8.633617776375722030e+01 -2.191287822092716553e+01 8.633362084129498726e+01 -2.191233945635535463e+01 3.518524020071458400e+16 3.518524020071458800e+16
8.640184647125845174e+01 -2.199047731857571009e+01 8.640255139598241385e+01 -2.198825859935704941e+01 3.518524020490637200e+16 3.518524020490637600e+16
8.305250011349973249e+01 -2.086638538308331192e+01 8.305166181878132647e+01 -2.086661967791792804e+01 3.518526830254576000e+16 3.518526830254576000e+16
8.288276303125576305e+01 -2.076566006883218307e+01 8.288375018718143394e+01 -2.076480206389657823e+01 3.518526830254846800e+16 3.518526830254847200e+16
8.287250933755674964e+01 -2.130828975686815951e+01 8.287269940379648858e+01 -2.130726030045940789e+01 3.518525701567511200e+16 3.518525701567511600e+16
8.248256265678611499e+01 -2.011874014482741657e+01 8.248388463078330801e+01 -2.011756469341060338e+01 3.518528529786498000e+16 3.518528529786498000e+16
8.218592989245276215e+01 -2.085529715982899646e+01 8.218626669851349220e+01 -2.085428563679199598e+01 3.518526828996623600e+16 3.518526828996624400e+16
8.229845895641601317e+01 -2.438177883312188499e+01 8.229605095168888340e+01 -2.438033557527868567e+01 3.518518458843876800e+16 3.518518458843886400e+16
8.285546704365241055e+01 -2.263099207328394868e+01 8.285631165161642286e+01 -2.262978462572176497e+01 3.518522338155773600e+16 3.518522338155774400e+16
8.281739950811621043e+01 -2.447832535972432311e+01 8.281846513933845699e+01 -2.447715452159656735e+01 3.518518459682448400e+16 3.518518459682448400e+16
8.292671061630097995e+01 -2.354403707887452413e+01 8.292771662045230130e+01 -2.354295121130081370e+01 3.518520669661051200e+16 3.518520669661051200e+16
8.286752084824320264e+01 -2.492166468382931299e+01 8.286824591859682698e+01 -2.492077770536734960e+01 3.518517361613820000e+16 3.518517361613820400e+16
8.726822146856035545e+01 -2.488308374459069583e+01 8.726766179578324056e+01 -2.488415782059656678e+01 3.518517368324894400e+16 3.518517368324894400e+16
8.695227253896310060e+01 -2.149197304994421032e+01 8.695179880254903537e+01 -2.149048697551871001e+01 3.518525144983570400e+16 3.518525144983570400e+16
8.743994030564429920e+01 -2.026835009624933903e+01 8.744104154276742236e+01 -2.026921382173203412e+01 3.518527969427782000e+16 3.518527969427782400e+16
8.794060979898654296e+01 -2.097648785379657710e+01 8.794239018132799401e+01 -2.097771468941466821e+01 3.518526273251555200e+16 3.518526273251555200e+16
8.739622697187927258e+01 -2.281952510501720610e+01 8.739532519302996150e+01 -2.282030858983870658e+01 3.518522344865946400e+16 3.518522344865947200e+16
8.726518763482518182e+01 -2.433098392019123324e+01 8.726493812996129407e+01 -2.433200911699540114e+01 3.518519017524595600e+16 3.518519017524596400e+16
8.334417854010234805e+01 -2.290399262536100267e+01 8.334481663673855678e+01 -2.290432846971901526e+01 3.518521781571486400e+16 3.518521781571486400e+16
8.339399546015775400e+01 -2.351518107284563897e+01 8.339257722014552598e+01 -2.351340691852309561e+01 3.518520670499970400e+16 3.518520670499975600e+16
8.811125477523134464e+01 -2.058446153870729489e+01 8.811043787686556072e+01 -2.058378938449551399e+01 3.518527404035374800e+16 3.518527404035374800e+16
8.815918621249684861e+01 -2.082873481757111733e+01 8.815957207692558484e+01 -2.082780324364525981e+01 3.518526838643220400e+16 3.518526838643220400e+16
8.857944732120392928e+01 -2.270497057318783973e+01 8.858093340558956186e+01 -2.270533736920271650e+01 3.518522346963507600e+16 3.518522346963507600e+16
8.857402037763390013e+01 -2.265772966671329058e+01 8.857193878429957579e+01 -2.265902543894294396e+01 3.518522346963616800e+16 3.518522346963617600e+16
8.840269263133858146e+01 -2.202529996455437100e+01 8.840246327186544306e+01 -2.202403216678530740e+01 3.518524023426527600e+16 3.518524023426527600e+16
8.860746075098056451e+01 -2.461516812955126809e+01 8.860772660839909065e+01 -2.461381511800128408e+01 3.518518468490082400e+16 3.518518468490083200e+16
8.860173466741991888e+01 -2.493053353586018517e+01 8.860179397604032658e+01 -2.492941838394327547e+01 3.518517370002569200e+16 3.518517370002569600e+16
8.984774474409492484e+01 -2.402199326252134881e+01 8.984946625695928901e+01 -2.401988075276928214e+01 3.518519573269998800e+16 3.518519573270008800e+16
8.997224846427107536e+01 -2.437464680970203190e+01 8.997034175456090566e+01 -2.437619590077416376e+01 3.518519021299310400e+16 3.518518470587754400e+16
8.444701221214789655e+01 -2.184320906588671107e+01 8.444621225445918355e+01 -2.184116425602906730e+01 3.518524578752209600e+16 3.518524578752210000e+16
8.419226767219072372e+01 -2.034657005294703325e+01 8.418991123628919127e+01 -2.034522786240786019e+01 3.518527964394388800e+16 3.518527964394429600e+16
8.400552121070386136e+01 -2.331417164292290778e+01 8.400388093674807521e+01 -2.331477891381592826e+01 3.518521226245117200e+16 3.518521226245117600e+16
8.061544807926155443e+01 -2.264922126516265521e+01 8.061472070699930725e+01 -2.264930896262267623e+01 3.518522334380731200e+16 3.518522334380731200e+16
8.060471108167156729e+01 -2.059961470486656765e+01 8.060642556317553442e+01 -2.059779418484847824e+01 3.518527392291329600e+16 3.518527392291338400e+16
8.011537091810204458e+01 -2.245460274287907865e+01 8.011306194578934026e+01 -2.245406707952375314e+01 3.518522891803583200e+16 3.518522891803583200e+16
8.048060373558540448e+01 -2.071569236261729330e+01 8.047892570409523216e+01 -2.071508564276653530e+01 3.518526826480135600e+16 3.518526826480136000e+16
8.003015647689478840e+01 -2.489265399512983379e+01 8.003079090128424866e+01 -2.489351333268472999e+01 3.518517357000260400e+16 3.518517357000271200e+16
8.569753235161634564e+01 -2.370229194708302245e+01 8.570015161760795763e+01 -2.370329060195416204e+01 3.518520120207530800e+16 3.518520120207531200e+16
8.569443991807618488e+01 -2.369033031310533488e+01 8.569642647680130665e+01 -2.368862485171543852e+01 3.518520120207560400e+16 3.518520120207560400e+16
8.570421855671891365e+01 -2.368081956250127718e+01 8.570696220803021959e+01 -2.368002009502302485e+01 3.518520120207590000e+16 3.518520120207590400e+16
8.552061652532009361e+01 -2.232589501632270768e+01 8.552075943150232717e+01 -2.232414013866132763e+01 3.518523458872977200e+16 3.518523458872980000e+16
8.582380628278438905e+01 -2.361456926524257227e+01 8.582569219326335030e+01 -2.361481846193261447e+01 3.518520674274547200e+16 3.518520674274547600e+16
8.537632371850079949e+01 -2.084057418279666152e+01 8.537545516682283164e+01 -2.083880040614942430e+01 3.518526834029501600e+16 3.518526834029501600e+16
8.534488940495405984e+01 -2.082968034954187431e+01 8.534666242069455677e+01 -2.082855301854556274e+01 3.518526834029542800e+16 3.518526834029542800e+16
8.531100640552442371e+01 -2.080853607613480705e+01 8.531199675226061174e+01 -2.080630761803102047e+01 3.518526834029676000e+16 3.518526834029676400e+16
8.524062365410209452e+01 -2.437219187146404309e+01 8.524218868330021337e+01 -2.437024315508140049e+01 3.518519014169003200e+16 3.518519014169010000e+16
8.558269407823402730e+01 -2.375029609675607389e+01 8.558395046676240270e+01 -2.375092987000586930e+01 3.518520119787921600e+16 3.518520119787921600e+16
8.560471507685947756e+01 -2.368458754537067890e+01 8.560676778390246966e+01 -2.368491971626968251e+01 3.518520119788006400e+16 3.518520119788028400e+16
8.556467592996571625e+01 -2.369924235029711923e+01 8.556415137810799365e+01 -2.369947147755794603e+01 3.518520119788102400e+16 3.518520119788102400e+16
8.573920581763917426e+01 -2.142614919265464124e+01 8.573848518423847054e+01 -2.142602391374893145e+01 3.518525142886704800e+16 3.518525142886705200e+16
8.199195190232428843e+01 -2.100503810136900285e+01 8.199085470791226271e+01 -2.100487360849325214e+01 3.518526264023774800e+16 3.518526264023774800e+16
8.194550106273270274e+01 -2.224775035146482693e+01 8.194725928583339680e+01 -2.224783490842890288e+01 3.518523453420672800e+16 3.518523453420672800e+16
9.019450101333777070e+01 -2.646757731969889349e+01 9.019266396243415329e+01 -2.646595367810774491e+01 3.518514104317068400e+16 3.518514104317070000e+16
9.076738827744148352e+01 -2.885254229104862844e+01 9.076985794848201294e+01 -2.885093725444428969e+01 3.518509283803161600e+16 3.518509283803161600e+16
9.061151552261108577e+01 -2.894820012060076664e+01 9.061237548243431661e+01 -2.894612891522990239e+01 3.518508754062989600e+16 3.518508754062995600e+16
9.062518897186747324e+01 -2.893321523915999194e+01 9.062492036932161454e+01 -2.893054936721326698e+01 3.518508754063023200e+16 3.518508754063034400e+16
9.030122839193944628e+01 -2.313367776347925897e+01 9.030272375835734522e+01 -2.313252113639238061e+01 3.518521235892290400e+16 3.518521235892290400e+16
9.102791189869780908e+01 -3.843003888639787391e+01 9.103020467896048729e+01 -3.843056508438283458e+01 3.518489663269060000e+16 3.518489663269060400e+16
9.113764355285000818e+01 -3.674437643851690893e+01 9.113996430108616664e+01 -3.674311101861201223e+01 3.518493018292607600e+16 3.518493018292610000e+16
9.113996430108616664e+01 -3.674311101861201223e+01 9.114049073734152273e+01 -3.674164428316824171e+01 3.518493018292610000e+16 3.518493018292610400e+16
9.206768015478317579e+01 -3.553499746090689371e+01 9.207061770913142595e+01 -3.553482477853764721e+01 3.518495462732865200e+16 3.518495462732866400e+16
9.105739791521530435e+01 -3.623541224173177966e+01 9.105537037314007875e+01 -3.623453407846601237e+01 3.518493990532263600e+16 3.518493990532264000e+16
9.168529928189239797e+01 -3.972981396416053457e+01 9.168374510893319496e+01 -3.973045231746683470e+01 3.518487317394676400e+16 3.518487317394676800e+16
9.140946135867808664e+01 -3.651778242975045430e+01 9.141057565859073009e+01 -3.651765831933071382e+01 3.518493503992922800e+16 3.518493503992923200e+16
9.288980574229742615e+01 -3.721716462691557581e+01 9.289044342209702165e+01 -3.721846862937248801e+01 3.518492054441569600e+16 3.518492054441570000e+16
9.251624275298254929e+01 -3.622512370722063935e+01 9.251842622069916899e+01 -3.622427181033741306e+01 3.518493992629417600e+16 3.518493992629417600e+16
9.263088440857660544e+01 -3.691767325273425371e+01 9.263074953607683426e+01 -3.692020621161952221e+01 3.518492536786710000e+16 3.518492536786710400e+16
8.612780076912751781e+01 -1.827045821839175233e+01 8.612670635236234773e+01 -1.827133718256497374e+01 3.518532535766449200e+16 3.518532535766449600e+16
8.699975787518650350e+01 -1.838168205356218010e+01 8.700006951351002726e+01 -1.838343375960974768e+01 3.518531963244200800e+16 3.518531963244201200e+16
8.253176214843098535e+01 -1.781875444669463349e+01 8.253322114279453103e+01 -1.781870162101058241e+01 3.518533680391890400e+16 3.518533680811310000e+16
8.231918605852435178e+01 -1.942530409470700903e+01 8.231673085014296021e+01 -1.942630248027575846e+01 3.518529668121188000e+16 3.518529668121188400e+16
8.268082628472556905e+01 -1.761589315826115865e+01 8.267971164916318116e+01 -1.761678357059355449e+01 3.518534257528024000e+16 3.518534257528024000e+16
8.329203819811665710e+01 -1.834606123203319328e+01 8.329308438240194334e+01 -1.834456786445968390e+01 3.518532531152577600e+16 3.518532531152578400e+16
8.328620204361764934e+01 -1.970952984369355931e+01 8.328418090611965852e+01 -1.970828335512533513e+01 3.518529100212296800e+16 3.518529100212302800e+16
8.309178744515946846e+01 -1.891578421611257710e+01 8.309420729902450375e+01 -1.891558374924887787e+01 3.518530811488549200e+16 3.518530811488549200e+16
8.040814462984769762e+01 -1.930260697397937264e+01 8.040936680821768334e+01 -1.930344118494880945e+01 3.518530236029552000e+16 3.518530236029552000e+16
8.003598556567690991e+01 -1.788078930327385407e+01 8.003784499107456440e+01 -1.788155685010123008e+01 3.518533101158887200e+16 3.518533101158887200e+16
8.026725724441888588e+01 -1.826364135986507264e+01 8.026640422965654409e+01 -1.826284341539654577e+01 3.518532526539033200e+16 3.518532526539033600e+16
8.001888766820177068e+01 -1.787816526466066946e+01 8.001824073305100171e+01 -1.787941930591306416e+01 3.518533100739442400e+16 3.518533100739442400e+16
8.577379801358931388e+01 -1.901012122035964325e+01 8.577425158109491576e+01 -1.900935405200177186e+01 3.518530815682500800e+16 3.518530815682500800e+16
8.590298214144009137e+01 -1.844804900878834175e+01 8.590365397377965451e+01 -1.844754652560327557e+01 3.518531961566422000e+16 3.518531961566422400e+16
8.561791774830483348e+01 -1.960999995606100299e+01 8.561591917972251053e+01 -1.961024268634842471e+01 3.518529673573228000e+16 3.518529673573228800e+16
8.575288478823814842e+01 -1.857352002599660423e+01 8.575049009353740814e+01 -1.857294749441997439e+01 3.518531961146720000e+16 3.518531961146720400e+16
8.131337055627470534e+01 -1.878564219354746356e+01 8.131118616463209037e+01 -1.878533144208040540e+01 3.518531381074629200e+16 3.518531381074629600e+16
8.149884444253962101e+01 -1.956344703726967893e+01 8.149712552142119648e+01 -1.956513488174100601e+01 3.518529666862468000e+16 3.518529666862468400e+16
8.105893447905893368e+01 -1.957825882265496986e+01 8.106028631903733128e+01 -1.957768244710385730e+01 3.518529666442996800e+16 3.518529666442996800e+16
8.152217330551358998e+01 -1.914949001594390410e+01 8.152240813107701456e+01 -1.914795376368904201e+01 3.518530237707747600e+16 3.518530237707748000e+16
8.168467113176738792e+01 -1.997580939055360361e+01 8.168282553449580519e+01 -1.997372459203393547e+01 3.518528528528615200e+16 3.518528528528618400e+16
7.413784707210587044e+01 -2.058196095110731605e+01 7.413634111685441042e+01 -2.058021056850329700e+01 3.518527382225071200e+16 3.518527382225071200e+16
7.428324525906319309e+01 -2.161945630590688339e+01 7.428320719506788805e+01 -2.162018349381267157e+01 3.518525124850509200e+16 3.518525124850509600e+16
7.394443269145759245e+01 -2.181447290907101788e+01 7.394612718734957468e+01 -2.181308825076167324e+01 3.518524562394524400e+16 3.518524562394525600e+16
7.031223739989192723e+01 -2.026979367558069711e+01 7.031314299118400868e+01 -2.027136910223683941e+01 3.518527942584235600e+16 3.518527942584235600e+16
7.536155859351801212e+01 -2.199598716079770711e+01 7.536375441117931473e+01 -2.199445791289629071e+01 3.518524003293979200e+16 3.518524003293985600e+16
7.541617927827685719e+01 -2.308898095206651391e+01 7.541593190649672351e+01 -2.309090761933572011e+01 3.518521769407403200e+16 3.518521769407403600e+16
7.531291242462057767e+01 -2.149970310254970229e+01 7.531234697385045251e+01 -2.149747826910865456e+01 3.518525126528589200e+16 3.518525126528589200e+16
7.136897542862534749e+01 -2.230341535706770628e+01 7.136877229686119506e+01 -2.230480820669052733e+01 3.518523437062754400e+16 3.518523437062754800e+16
7.685397073294397785e+01 -2.039095913473806121e+01 7.685286802341006762e+01 -2.039152121048064714e+01 3.518527386419866800e+16 3.518527386419867200e+16
7.692528240243184712e+01 -2.349280026976891378e+01 7.692684846078006444e+01 -2.349434303166726323e+01 3.518520660433715200e+16 3.518520660433715200e+16
7.240878966690912932e+01 -2.014948563583833518e+01 7.240875839132402803e+01 -2.014896694505679520e+01 3.518527945940108800e+16 3.518527945940110000e+16
7.218300063223867369e+01 -2.318634118344078132e+01 7.218293203401107405e+01 -2.318501353766799866e+01 3.518521207790599200e+16 3.518521207790601200e+16
7.749854875938716248e+01 -2.353253989347332364e+01 7.749893316720995529e+01 -2.353188525013602472e+01 3.518520661272485600e+16 3.518520661272485600e+16
7.721848175847603102e+01 -2.178284927277044858e+01 7.722008957839567245e+01 -2.178431944628077943e+01 3.518524567427800800e+16 3.518524567427801200e+16
7.736822643012007461e+01 -2.175269357069828757e+01 7.736905491410472280e+01 -2.175022516702940223e+01 3.518524567427886400e+16 3.518524567427887200e+16
7.809714599849584715e+01 -2.495535747335163990e+01 7.809872409217139477e+01 -2.495478478288302426e+01 3.518517354063961200e+16 3.518517354063962400e+16
7.858923126460855713e+01 -2.405706854519314675e+01 7.858745679706258613e+01 -2.405718086459826210e+01 3.518519556073287200e+16 3.518519556073287600e+16
7.862444256651518515e+01 -2.332551379133622760e+01 7.862206957755189762e+01 -2.332519224789675150e+01 3.518521217856469600e+16 3.518521217856470400e+16
7.845272504028230287e+01 -2.366165450707298135e+01 7.845066057390432945e+01 -2.366171030777294604e+01 3.518520108883047600e+16 3.518520108883047600e+16
7.958155372100628711e+01 -2.426522693230894134e+01 7.957968507874034003e+01 -2.426523471088798445e+01 3.518519005361276000e+16 3.518519005361276400e+16
7.910316938355066441e+01 -2.382234682710527451e+01 7.910311574818270230e+01 -2.382132943258587687e+01 3.518520110140790000e+16 3.518520110140790000e+16
7.985292756383294943e+01 -2.326947964709575345e+01 7.985320149089652375e+01 -2.327129197923978055e+01 3.518521219953796400e+16 3.518521219953796800e+16
7.327140288770259247e+01 -2.127282712514433172e+01 7.326939783113952842e+01 -2.127208372111367396e+01 3.518525686468100800e+16 3.518525686468106000e+16
7.341381810228821791e+01 -2.201563127171504775e+01 7.341169859834242573e+01 -2.201598576922608785e+01 3.518523999938507200e+16 3.518523999938507200e+16
9.011088222380195134e+01 -3.087500007093130705e+01 9.011088408509849046e+01 -3.087499856338390813e+01 3.518504563953566800e+16 3.518505082788276800e+16
9.061362507321028659e+01 -3.153631026758317191e+01 9.061444422275745580e+01 -3.153795719527855113e+01 3.518503530476572800e+16 3.518503530476572800e+16
9.035431371579005599e+01 -3.121556469473017259e+01 9.035550949742842874e+01 -3.121736805770129664e+01 3.518504046376151200e+16 3.518504046376151600e+16
9.166030588707769766e+01 -3.468339266118456976e+01 9.166215820434568684e+01 -3.468185243550018271e+01 3.518496946258472400e+16 3.518496946258476000e+16
9.108177861834955991e+01 -3.351222947607741531e+01 9.108286572662241554e+01 -3.351261533977839235e+01 3.518499449838344800e+16 3.518499449838346000e+16
9.090564085488179558e+01 -3.166402767722710720e+01 9.090392045868992454e+01 -3.166211166336529104e+01 3.518503015835884400e+16 3.518503015835891600e+16
9.171259929710411996e+01 -3.128247387735062190e+01 9.171110300143874383e+01 -3.128159852944207486e+01 3.518504048473093600e+16 3.518504048473094000e+16
9.156891746719708181e+01 -3.266849614301629856e+01 9.156655950903048335e+01 -3.266668702765888099e+01 3.518500969854248400e+16 3.518500969854249200e+16
9.184588989998194108e+01 -3.278905596293598990e+01 9.184341849433869243e+01 -3.279021865829331261e+01 3.518500970273363200e+16 3.518500970273364000e+16
9.139032756249676481e+01 -3.247865240989808910e+01 9.139123121345161849e+01 -3.247709066111944054e+01 3.518501479462046000e+16 3.518501479462046000e+16
9.236556204156110539e+01 -3.342537460224557577e+01 9.236328966414656350e+01 -3.342479849127273894e+01 3.518499451516121600e+16 3.518499451516122000e+16
8.667145522838886507e+01 -2.736471971819592852e+01 8.667003525060580671e+01 -2.736278441431883834e+01 3.518512480701687200e+16 3.518512480701687200e+16
8.669090824627565439e+01 -2.673464945845114116e+01 8.669311483667986806e+01 -2.673401119122844705e+01 3.518513558638220800e+16 3.518513558638221600e+16
8.608826808518627161e+01 -2.613002854526771301e+01 8.608791424684477533e+01 -2.613129554909430752e+01 3.518514640349485600e+16 3.518514640349486000e+16
8.667059039484982463e+01 -2.972129724599431810e+01 8.667068628679325570e+01 -2.971862687118958846e+01 3.518507167777379200e+16 3.518507167777391600e+16
8.617468295561148750e+01 -2.583553148168984848e+01 8.617640194671670884e+01 -2.583703582461168935e+01 3.518515727512502800e+16 3.518515727512502800e+16
8.240864924023935600e+01 -2.989252018637064623e+01 8.240809345236223749e+01 -2.989350820774621909e+01 3.518506637198036800e+16 3.518506637198037600e+16
8.255832132482591135e+01 -2.812815482821071100e+01 8.256058969883176246e+01 -2.812734848699854240e+01 3.518510334476982400e+16 3.518510334476982800e+16
8.271982749581746930e+01 -2.958182078057414799e+01 8.271834410390337666e+01 -2.958393318046689657e+01 3.518507687451180800e+16 3.518507687451180800e+16
8.760472124703028385e+01 -2.928952052035725728e+01 8.760482682469643123e+01 -2.928890718219969003e+01 3.518508221805674400e+16 3.518508221805674400e+16
8.757881428702152959e+01 -2.920134438047502456e+01 8.758154433422301111e+01 -2.920263082710649982e+01 3.518508221805879200e+16 3.518508221805980800e+16
8.763849436842401985e+01 -2.922602665245036491e+01 8.763963199597958464e+01 -2.922500534340805345e+01 3.518508221805883200e+16 3.518508221805883600e+16
8.763492874462487237e+01 -2.921912945247763460e+01 8.763244063847591292e+01 -2.922048541583896508e+01 3.518508221805897600e+16 3.518508221805898000e+16
8.759687971955459318e+01 -2.918658895091612848e+01 8.759726682338471448e+01 -2.918847720443269722e+01 3.518508221806002400e+16 3.518508221806002800e+16
8.738887313551080638e+01 -2.959263331332396874e+01 8.738906293653252533e+01 -2.959127371212327517e+01 3.518507694162144000e+16 3.518507694162147200e+16
8.774616777329697470e+01 -2.524652259471844573e+01 8.774564535506650031e+01 -2.524623038154323140e+01 3.518516821387291200e+16 3.518516821387291200e+16
8.734921911322436472e+01 -2.562640431680112485e+01 8.734937343105738705e+01 -2.562569883281929606e+01 3.518515729190892400e+16 3.518515729190892400e+16
8.769656421034926552e+01 -2.867642376815958372e+01 8.769810742195646469e+01 -2.867550495869178917e+01 3.518509279190028800e+16 3.518509279190030400e+16
8.368357970425867620e+01 -2.650594420929736472e+01 8.368469169702773058e+01 -2.650553633276984300e+01 3.518514094670246400e+16 3.518514094670246400e+16
8.390194000580987677e+01 -2.918195520978595070e+01 8.390047404858233904e+01 -2.918316095560918200e+01 3.518508216353387200e+16 3.518508216353388000e+16
8.373871464510692419e+01 -2.831608983537586965e+01 8.373822139194712122e+01 -2.831532316498759627e+01 3.518510336154187200e+16 3.518510336154187200e+16
8.386448312718570719e+01 -2.813999976131383107e+01 8.386620446217939673e+01 -2.813937781166269048e+01 3.518510336154720800e+16 3.518510336154721200e+16
8.361411751835871087e+01 -2.517524856965080460e+01 8.361316687885189936e+01 -2.517475975476814298e+01 3.518516815096024000e+16 3.518516815096024800e+16
8.290917075429975114e+01 -2.869227027776445382e+01 8.291021148234491989e+01 -2.869073091831080546e+01 3.518509272479146000e+16 3.518509272479146400e+16
8.885493153763100338e+01 -2.973131175431420559e+01 8.885364425101393238e+01 -2.973157455022024820e+01 3.518507171132691200e+16 3.518507171132691200e+16
8.819740276102788812e+01 -2.738939681967071138e+01 8.819548962938432624e+01 -2.738945315639427491e+01 3.518511945928602400e+16 3.518511945928603200e+16
8.894843419500175230e+01 -2.538108832357206168e+01 8.894927594110143332e+01 -2.538178586223911282e+01 3.518516276967075600e+16 3.518516276967077200e+16
8.931368680302402652e+01 -2.669776013972150608e+01 8.931298869354434089e+01 -2.669853444911155194e+01 3.518513562413162000e+16 3.518513562413162000e+16
8.915223653182140140e+01 -2.908630678825647564e+01 8.915128833547852594e+01 -2.908696361851732348e+01 3.518508751965512000e+16 3.518508751965512400e+16
8.939791528298361811e+01 -2.999334992708666547e+01 8.939789307257346707e+01 -2.999312587646361905e+01 3.518506647264078000e+16 3.518506647264078400e+16
8.907119354269930511e+01 -2.990266024526802013e+01 8.907184549607977431e+01 -2.990428231345562793e+01 3.518506646845010400e+16 3.518506646845010400e+16
8.904587948272896369e+01 -2.807350451723375073e+01 8.904689552504332539e+01 -2.807546858053097338e+01 3.518510877219388800e+16 3.518510877219388800e+16
8.985280776204614028e+01 -2.570781725551282193e+01 8.985040193979037326e+01 -2.570813494542814226e+01 3.518515732965457600e+16 3.518515732965458000e+16
8.441331465600522677e+01 -2.615718353309102540e+01 8.441055927478122101e+01 -2.615615170391481925e+01 3.518514637832957600e+16 3.518514637832964000e+16
8.445046458022014235e+01 -2.844272996164740519e+01 8.444993052258723765e+01 -2.844366018507694349e+01 3.518509805155639600e+16 3.518509805155640000e+16
8.085051120118322387e+01 -2.853795811314095232e+01 8.085074565102189581e+01 -2.853594341220032504e+01 3.518509799702808400e+16 3.518509799702808800e+16
8.066902193465901405e+01 -2.751945068608737088e+01 8.067055566564086178e+01 -2.752042481156370002e+01 3.518511934603593600e+16 3.518511934603593600e+16
8.093497941618825564e+01 -2.962488368884403300e+01 8.093689986814719362e+01 -2.962686062812943533e+01 3.518507684934459200e+16 3.518507159388862800e+16
8.050647404798938567e+01 -2.768535853906758604e+01 8.050491471804335220e+01 -2.768446861753859878e+01 3.518511398991252800e+16 3.518511398991253200e+16
8.032239614797458671e+01 -2.991352647648002971e+01 8.031945489437151764e+01 -2.991289427829500269e+01 3.518506633842469600e+16 3.518506633842479200e+16
8.003635152572412892e+01 -2.514874932293607301e+01 8.003497038513228290e+01 -2.514966847287604779e+01 3.518516809643544400e+16 3.518516809643544800e+16
8.566874624359478219e+01 -2.975723442392435203e+01 8.567094151108989308e+01 -2.975761977458956764e+01 3.518507166099451200e+16 3.518507166099452000e+16
8.581520307388821323e+01 -2.949617424713214575e+01 8.581815336888423928e+01 -2.949689255943787103e+01 3.518507692065206400e+16 3.518507692065206400e+16
8.584138294611943820e+01 -2.651549478287009265e+01 8.584077818432993467e+01 -2.651766312910606871e+01 3.518514098025607600e+16 3.518514098025607600e+16
8.174399774075911296e+01 -2.859514556386134743e+01 8.174312985878869142e+01 -2.859564371971570651e+01 3.518509800960917600e+16 3.518509800960918400e+16
8.170475018550938273e+01 -2.517205172032462812e+01 8.170472235800504279e+01 -2.517308924750168231e+01 3.518516812159958000e+16 3.518516812159958400e+16
