9.833575884088425312e+01 -5.689524547020420897e+01 9.833514917665380040e+01 -5.689296287438443755e+01 3.518459679867222800e+16 3.518459679867229600e+16
9.893010236767514698e+01 -5.697351116131383719e+01 9.893155058686674863e+01 -5.697423823624521333e+01 3.518459680286513200e+16 3.518459680286513200e+16
9.899344762158396804e+01 -5.583426650039425709e+01 9.899011433466067444e+01 -5.583401063791831831e+01 3.518461357588553600e+16 3.518461357588553600e+16
9.891259372561573571e+01 -5.582863220447077879e+01 9.891282235688332491e+01 -5.582629724002671168e+01 3.518461357588563600e+16 3.518461357588563600e+16
9.899193680240436777e+01 -5.576927207665898578e+01 9.898814005712500830e+01 -5.577066044462219452e+01 3.518461357588645200e+16 3.518461357588645600e+16
9.807553563063082436e+01 -5.521190021509355006e+01 9.807322370671161593e+01 -5.521364333812987724e+01 3.518462043357465200e+16 3.518462043357492400e+16
9.836252144225393579e+01 -5.759318763333668301e+01 9.836454019501680079e+01 -5.759463063098269942e+01 3.518459024297185600e+16 3.518459024297186000e+16
9.830595735658036460e+01 -5.755252201447905236e+01 9.830458788871837328e+01 -5.755152203074003836e+01 3.518459024297250800e+16 3.518459024297260000e+16
9.792703607780576647e+01 -5.882322610108191441e+01 9.792229198505344812e+01 -5.882231189358613221e+01 3.518457424589705200e+16 3.518457424589706000e+16
9.807852415181822892e+01 -5.864488819256349927e+01 9.808155757370350614e+01 -5.864266788654843054e+01 3.518457424589970000e+16 3.518457424589973200e+16
9.849938341511230533e+01 -5.952506398920981212e+01 9.849857708253910005e+01 -5.952652891273950786e+01 3.518456491776569200e+16 3.518456491776569200e+16
9.891144462636013657e+01 -5.749075370890905390e+01 9.891256558580643343e+01 -5.748845148790056214e+01 3.518459024716762400e+16 3.518459024716766000e+16
9.821967857036713667e+01 -5.552330649698757981e+01 9.821991774710048162e+01 -5.552132038867055286e+01 3.518461699005015200e+16 3.518461699005018800e+16
9.429952802154731728e+01 -5.712884311884113231e+01 9.429702339694749469e+01 -5.712942003817381931e+01 3.518459347259097200e+16 3.518459347259098000e+16
9.435676948629597405e+01 -5.899858896350882276e+01 9.435894226420406028e+01 -5.899733119056033104e+01 3.518457107919850400e+16 3.518457107919850400e+16
9.498134891179020656e+01 -5.698506416049189482e+01 9.497873965982093125e+01 -5.698358485953635011e+01 3.518459676511664000e+16 3.518459676511664800e+16
9.435923236729790631e+01 -5.925766063993117427e+01 9.436039080797003464e+01 -5.925795915106855460e+01 3.518456796702539200e+16 3.518456796702539200e+16
9.411671512566000786e+01 -5.925935284256338065e+01 9.411520241280547339e+01 -5.925922232106258747e+01 3.518456796702540800e+16 3.518456796702540800e+16
9.424129517605247486e+01 -5.912644356472291207e+01 9.424470192280944048e+01 -5.912564470868330346e+01 3.518456796702744400e+16 3.518456796702745600e+16
9.383673204233321030e+01 -5.657349746420183578e+01 9.383234632660656871e+01 -5.657329204572229742e+01 3.518460340469838400e+16 3.518460340050430400e+16
9.388235182457430028e+01 -5.854075812450144412e+01 9.387903988573508229e+01 -5.854030447959861760e+01 3.518457736226570800e+16 3.518457736226570800e+16
9.890838225467686584e+01 -5.553582458630855712e+01 9.891017084866440712e+01 -5.553454508348414009e+01 3.518461699843816000e+16 3.518461699843818400e+16
9.926838247764564471e+01 -5.540124458669557583e+01 9.926981968651433874e+01 -5.540215318323088667e+01 3.518461700263315600e+16 3.518461700263315600e+16
9.053812084167419982e+01 -5.998390733557042864e+01 9.053634463953525824e+01 -5.998289080890447877e+01 3.518455874375209200e+16 3.518455874375209200e+16
9.043955416747624554e+01 -5.998596111859489355e+01 9.044402095909083528e+01 -5.998454633076737252e+01 3.518455873955757200e+16 3.518455873955758400e+16
9.081773763933290411e+01 -5.891381028226847860e+01 9.081904036892231602e+01 -5.891560229820202466e+01 3.518457104983982400e+16 3.518457104983982400e+16
9.054803336668209113e+01 -5.712631466185883511e+01 9.055035340487287954e+01 -5.712725427325254657e+01 3.518459343903628800e+16 3.518459343903628800e+16
9.112344064749775896e+01 -5.964926494978591620e+01 9.111973149130228933e+01 -5.964924731809378500e+01 3.518456178881850400e+16 3.518456178881850400e+16
9.083374594880375241e+01 -5.883897763205147413e+01 9.082984221152968018e+01 -5.883723910124312084e+01 3.518457418298236400e+16 3.518457418298236800e+16
9.051864670271291402e+01 -5.982797304424953921e+01 9.051935954817228946e+01 -5.982619907503602974e+01 3.518456178462036800e+16 3.518456178462036800e+16
9.062912854212551395e+01 -5.970583271522001212e+01 9.063120211776390533e+01 -5.970827244729066052e+01 3.518456178462276800e+16 3.518456178462276800e+16
9.013522039498865013e+01 -5.949316279304855470e+01 9.013823867657599465e+01 -5.949350454191718285e+01 3.518456484646298800e+16 3.518456484646299200e+16
9.553535291780627858e+01 -5.933172065257883787e+01 9.553290123813009416e+01 -5.933292559131512434e+01 3.518456797960673600e+16 3.518456797960674400e+16
9.580806968953811520e+01 -5.629254463819569310e+01 9.581272894843330334e+01 -5.629205005921408400e+01 3.518460677272587600e+16 3.518460677272588000e+16
9.606870084347244187e+01 -5.962407958501368910e+01 9.606877486720830461e+01 -5.962242584518747179e+01 3.518456489679260800e+16 3.518456489679260800e+16
9.519915090236611377e+01 -5.964132387030554128e+01 9.519442784746409814e+01 -5.964054885564791419e+01 3.518456182656536000e+16 3.518456182656536000e+16
9.142552897537099454e+01 -5.525370627822491087e+01 9.142435423745904188e+01 -5.525569746630041124e+01 3.518462037065976800e+16 3.518462037065976800e+16
9.158150093492673705e+01 -5.987567406059871900e+01 9.157690267811483409e+01 -5.987641111275699046e+01 3.518455875214314800e+16 3.518455875214316000e+16
9.190167389506547124e+01 -5.949015398906219332e+01 9.189805116721909428e+01 -5.948864079107204361e+01 3.518456486324124800e+16 3.518456486324130000e+16
9.163882688481074013e+01 -5.912837975676342239e+01 9.163663653560361411e+01 -5.912935001516003553e+01 3.518456794605673600e+16 3.518456794605673600e+16
9.134721429858079489e+01 -5.994430748252414531e+01 9.134451515474211192e+01 -5.994296703561973061e+01 3.518455874794683600e+16 3.518455874794685600e+16
9.137548349452650598e+01 -5.629205222614589843e+01 9.137741535147792149e+01 -5.629112297694912570e+01 3.518460673497663600e+16 3.518460673497663600e+16
9.596403050429702830e+01 -5.812275678618777164e+01 9.596430256682627657e+01 -5.812156483312358546e+01 3.518458375857777600e+16 3.518458375857778000e+16
9.652319104517164305e+01 -5.607147255770145478e+01 9.651916169726879957e+01 -5.607114567516833148e+01 3.518461015752820000e+16 3.518461015752821600e+16
9.636475284729550594e+01 -5.698981315427781169e+01 9.636690287075387573e+01 -5.698753538155131082e+01 3.518459677770015200e+16 3.518459677770018000e+16
9.634199531168404462e+01 -5.501673815975017590e+01 9.634108221046805909e+01 -5.501758475286047911e+01 3.518462388129201600e+16 3.518462388129201600e+16
9.701441190694175987e+01 -5.543265116264358028e+01 9.701060292020889619e+01 -5.543171779297782820e+01 3.518461697746980000e+16 3.518461697746983600e+16
9.645939253722191609e+01 -5.983899764549229872e+01 9.645525843085813733e+01 -5.983834866443825717e+01 3.518456183495105200e+16 3.518456183495106000e+16
9.645939253722191609e+01 -5.983899764549229872e+01 9.645714150428375433e+01 -5.983719975007997505e+01 3.518456183495105200e+16 3.518456183495106000e+16
9.645525843085813733e+01 -5.983834866443825717e+01 9.645714150428375433e+01 -5.983719975007997505e+01 3.518456183495106000e+16 3.518456183495106000e+16
9.653499114310518792e+01 -5.916967328806971693e+01 9.653776241365569888e+01 -5.917043882710222391e+01 3.518456798799759200e+16 3.518456798799759200e+16
9.603757123435971721e+01 -5.928718394078877196e+01 9.603427903098489082e+01 -5.928516799606396859e+01 3.518456798380176800e+16 3.518456798380181200e+16
9.625842736023753332e+01 -5.924839016784360979e+01 9.625964215318553840e+01 -5.924839322449312817e+01 3.518456798380233200e+16 3.518456798380233200e+16
9.705342761981793842e+01 -5.948834801347508972e+01 9.705114480736702376e+01 -5.948643380384685742e+01 3.518456490518319200e+16 3.518456490518325600e+16
9.675940431286160504e+01 -5.672171983364319203e+01 9.675721120714018753e+01 -5.672193523827434092e+01 3.518460009539452800e+16 3.518460009539452800e+16
9.240630254535031440e+01 -5.710903164710332902e+01 9.240638657926551502e+01 -5.711107513910759081e+01 3.518459674414320000e+16 3.518459674414320400e+16
9.261724571289633445e+01 -5.692099344625383850e+01 9.261924580447063704e+01 -5.692017221793899040e+01 3.518459674414722000e+16 3.518459674414722400e+16
9.222809486062757856e+01 -5.703128484095856265e+01 9.222830101628389343e+01 -5.702965667232358271e+01 3.518459673995039200e+16 3.518459673995039200e+16
9.224248008150237865e+01 -5.637518921775885872e+01 9.223848135273087223e+01 -5.637490470037027990e+01 3.518460338792419600e+16 3.518460673916934000e+16
9.240234689130467416e+01 -5.901536804875936326e+01 9.240477455246472971e+01 -5.901481977078627494e+01 3.518457106242159200e+16 3.518457106242159200e+16
9.244227433729059840e+01 -5.890851173081665593e+01 9.243794675627150070e+01 -5.890840415829298138e+01 3.518457106242351200e+16 3.518457106242352800e+16
9.259112381913595868e+01 -5.888550077107703373e+01 9.258854263758337311e+01 -5.888530776335178984e+01 3.518457106242400800e+16 3.518457106242400800e+16
9.233065859011385612e+01 -5.791349025069544609e+01 9.232802386117612059e+01 -5.791420394226201296e+01 3.518458372502829600e+16 3.518458372502830800e+16
9.284358268218923627e+01 -5.918549063694676704e+01 9.284198866779298953e+01 -5.918410759711836988e+01 3.518456795444417200e+16 3.518456795444417600e+16
9.271400495579948142e+01 -5.805973702658841518e+01 9.271230048319688422e+01 -5.805729809048634138e+01 3.518458372921916400e+16 3.518458372921920800e+16
9.280069205008608435e+01 -5.863458842371595381e+01 9.280429059462558428e+01 -5.863295017814985499e+01 3.518457419976316400e+16 3.518457419976321600e+16
9.274126637828911157e+01 -5.987005675813630035e+01 9.273752341948197397e+01 -5.987139770259680205e+01 3.518456180559068000e+16 3.518456180559068400e+16
9.272016114140521381e+01 -5.944241751259104944e+01 9.272163070863555845e+01 -5.944347602105951012e+01 3.518456487163093200e+16 3.518456487163093600e+16
9.300400808903415850e+01 -5.941876553622488188e+01 9.299925304113268965e+01 -5.941820432472312774e+01 3.518456487163141600e+16 3.518456487163142800e+16
9.715327010115156270e+01 -5.936886324501613643e+01 9.715481112034157718e+01 -5.936656436724744168e+01 3.518456799218905200e+16 3.518456799218910000e+16
9.771546778114259268e+01 -5.823070115568794591e+01 9.771586878541754118e+01 -5.823275160028186548e+01 3.518458057090908800e+16 3.518458057090909200e+16
9.794261888725266374e+01 -5.979897161149425955e+01 9.794460921241210372e+01 -5.979779170944824784e+01 3.518456184753420400e+16 3.518456184753420400e+16
9.799576998060194910e+01 -5.971695181695971399e+01 9.799640100682734101e+01 -5.971521860967609996e+01 3.518456184753542000e+16 3.518456184753542000e+16
9.769818804245915089e+01 -5.964578185668310084e+01 9.769672419624708937e+01 -5.964398768507010118e+01 3.518456184753633600e+16 3.518456184753639200e+16
9.737272865597202554e+01 -5.902342664402147676e+01 9.736870390195271341e+01 -5.902219003048877966e+01 3.518457110436443200e+16 3.518457110436446400e+16
9.735103358736509449e+01 -5.887848459272291279e+01 9.735544044552490561e+01 -5.887767613467832462e+01 3.518457110436696000e+16 3.518457110436696400e+16
9.777596997461344586e+01 -5.525041166610446197e+01 9.777994893810010524e+01 -5.524898537596361336e+01 3.518462042938013200e+16 3.518462042938017600e+16
9.338994410895359977e+01 -5.994994119564852753e+01 9.339421570746021928e+01 -5.994984673407416409e+01 3.518455876472439200e+16 3.518455876472439200e+16
9.308810900967286273e+01 -5.991201592443041335e+01 9.309333475786307588e+01 -5.991238105293874838e+01 3.518455876472488000e+16 3.518455876472489600e+16
9.390853920382433273e+01 -5.999992992723296936e+01 9.390501344074966994e+01 -6.000015144528100564e+01 3.518455876891718800e+16 3.518455876891718800e+16
9.339099036081429972e+01 -5.987290829827878014e+01 9.338996448468756739e+01 -5.987232674598094917e+01 3.518456180978494800e+16 3.518456180978495200e+16
9.327541378920477655e+01 -5.984979089187051926e+01 9.328033826817099339e+01 -5.985084065032934575e+01 3.518456180978544400e+16 3.518456180978544800e+16
9.330096407107784273e+01 -5.710344523606975287e+01 9.330360982106664380e+01 -5.710140522763035165e+01 3.518459675253198400e+16 3.518459675253203600e+16
9.313903030875974309e+01 -5.780400175921040784e+01 9.314009016945657038e+01 -5.780161674913927072e+01 3.518458695044490400e+16 3.518458695044500800e+16
9.405276228414639661e+01 -5.958695794096738041e+01 9.405132830278749623e+01 -5.958861017427294371e+01 3.518456488001618400e+16 3.518456488001618400e+16
9.811818851790846452e+01 -4.868177264897852297e+01 9.811739937206287721e+01 -4.868021596978362453e+01 3.518471732618980800e+16 3.518471732618980800e+16
9.475886799971597441e+01 -4.668937068637502108e+01 9.475714175064607048e+01 -4.668755607540530406e+01 3.518474984463180800e+16 3.518474984463181200e+16
9.435331028756851879e+01 -4.822705363299108683e+01 9.435041368215593138e+01 -4.822596252765841740e+01 3.518472530795299200e+16 3.518472530795305200e+16
9.464008563803393770e+01 -4.820326667143954325e+01 9.463866304107563110e+01 -4.820091682600249072e+01 3.518472530795361600e+16 3.518472530795368800e+16
9.469918910472168250e+01 -4.869299758427010261e+01 9.469780017700009012e+01 -4.869317926451419964e+01 3.518471728844426400e+16 3.518471728844426400e+16
9.443371729345038545e+01 -4.700425583478880753e+01 9.443154881895425490e+01 -4.700229915131293978e+01 3.518474570065808400e+16 3.518474570065826400e+16
9.023789255502894946e+01 -4.848576118043084193e+01 9.023718362775271373e+01 -4.848748716169152573e+01 3.518472123947633200e+16 3.518472123947633600e+16
9.086769507999061091e+01 -4.825533929551739476e+01 9.086795073940628242e+01 -4.825647202009525927e+01 3.518472526600827200e+16 3.518472526600827200e+16
9.047840105241000686e+01 -4.575291521407408624e+01 9.047578283568870461e+01 -4.575365986882260927e+01 3.518476654215428000e+16 3.518476654215428000e+16
9.043011295598053323e+01 -4.833921131977736252e+01 9.043021830361146840e+01 -4.833995741112432398e+01 3.518472526181264000e+16 3.518472526181264000e+16
9.514952819863468392e+01 -4.787970265260228331e+01 9.515085595577674837e+01 -4.787928909124381960e+01 3.518472935545809600e+16 3.518472935545810000e+16
9.571051790900668266e+01 -4.601590763389874184e+01 9.571381195340819659e+01 -4.601600708286686370e+01 3.518476238559941200e+16 3.518476238559941200e+16
9.571425839113511813e+01 -4.732470666012152094e+01 9.571491814035260859e+01 -4.732516562213347555e+01 3.518474159862737200e+16 3.518474159862737200e+16
9.112652147613262343e+01 -4.687629426886870476e+01 9.112763147442531420e+01 -4.687592791952820193e+01 3.518474566291278000e+16 3.518474566291278000e+16
9.090827931397846839e+01 -4.511804426212453478e+01 9.090710494549585974e+01 -4.511567108408682003e+01 3.518477930542050400e+16 3.518477930542059200e+16
9.111394775008463398e+01 -4.524602793251217037e+01 9.111115733781281278e+01 -4.524510873229789354e+01 3.518477503142587200e+16 3.518477503142595600e+16
9.148092769078071740e+01 -4.744252009393179037e+01 9.148241512280149834e+01 -4.744349918211148776e+01 3.518473745465764800e+16 3.518473745465764800e+16
9.182044130379968294e+01 -4.898057331810621662e+01 9.181861229148906034e+01 -4.897885864355806973e+01 3.518471327449400800e+16 3.518471327449401200e+16
9.171798093426610876e+01 -4.602276394415135030e+01 9.171758918149996020e+01 -4.602420579247523591e+01 3.518476233946133600e+16 3.518476233946133600e+16
9.145733449227537903e+01 -4.593471474437937019e+01 9.145418121086110830e+01 -4.593344743883216807e+01 3.518476233946327600e+16 3.518476233946328000e+16
9.684374737692921542e+01 -4.944616731971382251e+01 9.684446370898589862e+01 -4.944350056881842193e+01 3.518470542695160800e+16 3.518470542695167600e+16
9.675760489962307531e+01 -4.723516133038697262e+01 9.675716107872415250e+01 -4.723323143380330436e+01 3.518474161121170000e+16 3.518474161121170000e+16
9.669112644988788929e+01 -4.953586062094231579e+01 9.668919398597763859e+01 -4.953633212746876779e+01 3.518470542275582800e+16 3.518470542275583200e+16
9.226219461077681672e+01 -4.641692737515656830e+01 9.226062579686410459e+01 -4.641787901191813859e+01 3.518475397182701600e+16 3.518475397182701600e+16
9.287400237415691606e+01 -4.960510579719037594e+01 9.287376801900710177e+01 -4.960444691940708140e+01 3.518470538081096000e+16 3.518470538081096400e+16
9.185414006587538438e+01 -4.772867422469597187e+01 9.185357562744863458e+01 -4.772945778362126390e+01 3.518473337779335200e+16 3.518473337779335200e+16
9.245761546964487820e+01 -4.744473048215712652e+01 9.245454963745484633e+01 -4.744562735425967048e+01 3.518473746304615600e+16 3.518473746304615600e+16
9.185094974946576940e+01 -4.735821919452746442e+01 9.184996377357578012e+01 -4.735897343124954517e+01 3.518474155668318400e+16 3.518474155668318400e+16
9.784415580137296331e+01 -4.876937376139976976e+01 9.784731808499793715e+01 -4.876914290188374679e+01 3.518471732199581600e+16 3.518471732199585600e+16
9.317452765153311134e+01 -4.569262635260582073e+01 9.317242425210677936e+01 -4.569209255997392205e+01 3.518476657151668400e+16 3.518476657151668400e+16
9.313676534676248764e+01 -4.844709152004033825e+01 9.314031032017162204e+01 -4.844800016707379342e+01 3.518472126883895200e+16 3.518472126883902400e+16
9.315028682052330566e+01 -4.692954294236790247e+01 9.315027091966292971e+01 -4.692937033211012476e+01 3.518474568807745200e+16 3.518474568807745200e+16
9.322651327941353827e+01 -4.691224386153982806e+01 9.322922300718427380e+01 -4.691030172998027581e+01 3.518474568807814000e+16 3.518474568807819200e+16
9.868404246849257788e+01 -5.336022190303985724e+01 9.868307398902067007e+01 -5.336054572248959005e+01 3.518464874931854000e+16 3.518464874931854400e+16
9.458040587640276442e+01 -5.125742108523801477e+01 9.457954413734415766e+01 -5.125506532070516386e+01 3.518467836949557600e+16 3.518467836949558000e+16
9.406111663870389350e+01 -5.455784843362934566e+01 9.406304892851210298e+01 -5.455569516899631566e+01 3.518463084802995200e+16 3.518463084802998400e+16
9.426750836884593809e+01 -5.494397592609414716e+01 9.426940890232356196e+01 -5.494153672031651325e+01 3.518462386032296000e+16 3.518462386032304400e+16
9.457486572230089905e+01 -5.459561007005386557e+01 9.457572131308242547e+01 -5.459672380143624082e+01 3.518463085222362800e+16 3.518463085222362800e+16
9.501792333570980986e+01 -5.208374736977290098e+01 9.502171175147518056e+01 -5.208337753942412718e+01 3.518466709939920800e+16 3.518466709939955600e+16
9.516274270561066828e+01 -5.288261004660211739e+01 9.516353202993367688e+01 -5.288017143333506453e+01 3.518465234803605200e+16 3.518465234803605600e+16
9.466669409178290095e+01 -5.435767768451667337e+01 9.466438627385865345e+01 -5.435874258012070470e+01 3.518463437963300000e+16 3.518463437963300000e+16
9.069260216248423490e+01 -5.308561357217839571e+01 9.069496976621478268e+01 -5.308546583636535843e+01 3.518465230608868400e+16 3.518465230608868800e+16
9.039898728502051028e+01 -5.371918460107358584e+01 9.039649916732467716e+01 -5.372119784984133872e+01 3.518464145542613200e+16 3.518464145542613600e+16
9.052771106287670477e+01 -5.414038334776856232e+01 9.052615759093262682e+01 -5.413829832676682940e+01 3.518463434188961600e+16 3.518463434188965600e+16
9.000773982521300809e+01 -5.220757954099645559e+01 9.000795244908516679e+01 -5.221018860249800753e+01 3.518466332872189600e+16 3.518466332872189600e+16
9.013434772435523712e+01 -5.475913731944379492e+01 9.013110926593219574e+01 -5.476016667408094918e+01 3.518462730384378400e+16 3.518462730384385200e+16
9.059636453606952955e+01 -5.148580351430418034e+01 9.059598489202828375e+01 -5.148490842158232539e+01 3.518467454848471200e+16 3.518467454848471200e+16
9.511040416938656961e+01 -5.084509601651152622e+01 9.511125110513533798e+01 -5.084241761741442645e+01 3.518468599473842800e+16 3.518468599473863600e+16
9.537365847703205191e+01 -5.012417102418604031e+01 9.537779462605281822e+01 -5.012349516269989635e+01 3.518469758359968000e+16 3.518469758359969600e+16
9.518619334502905360e+01 -5.236153906968515770e+01 9.518642471974996511e+01 -5.236279324183769290e+01 3.518466338324623200e+16 3.518466338324623200e+16
9.597096259152756659e+01 -5.113924137659913782e+01 9.597348493828509675e+01 -5.113771737586841937e+01 3.518467838208321200e+16 3.518467838627622400e+16
9.526686186137705192e+01 -5.172639490033249388e+01 9.526796598815410277e+01 -5.172524442552420254e+01 3.518467084072080800e+16 3.518467084072080800e+16
9.529021803322731898e+01 -5.434045142932580319e+01 9.528792568175727240e+01 -5.433838407429599471e+01 3.518463438802200400e+16 3.518463438802200400e+16
9.608965473596011009e+01 -5.105757268172686025e+01 9.608730280456852313e+01 -5.105742282309933699e+01 3.518468218211676400e+16 3.518468218211676800e+16
9.560210291941513105e+01 -5.413916403640325115e+01 9.560342859636801904e+01 -5.414023749085291115e+01 3.518463439222002400e+16 3.518463439222002400e+16
9.112591493727626357e+01 -5.067429856779479991e+01 9.112496817657307702e+01 -5.067578862002604012e+01 3.518468595279837200e+16 3.518468595279837200e+16
9.144683595780583119e+01 -5.465592450435915595e+01 9.144607560974688454e+01 -5.465646286438075663e+01 3.518462731642930400e+16 3.518462731642930400e+16
9.184298458967759871e+01 -5.491338711559241403e+01 9.184697499915947105e+01 -5.491364290929792702e+01 3.518462383515707200e+16 3.518462383515707600e+16
9.125209224760200755e+01 -5.401161932713039704e+01 9.125056976325818425e+01 -5.401248367505698411e+01 3.518463789446236400e+16 3.518463789446236400e+16
9.624704901574317262e+01 -5.258932361544608369e+01 9.624978363118135860e+01 -5.258898920763328988e+01 3.518465969645254000e+16 3.518465969645254000e+16
9.644526198597984035e+01 -5.249444649325149470e+01 9.644307734042835989e+01 -5.249208788380491342e+01 3.518465969645422400e+16 3.518465969645426000e+16
9.626805024453055637e+01 -5.425347476302466276e+01 9.626614824826179984e+01 -5.425302560002153740e+01 3.518463439641248000e+16 3.518463439641248000e+16
9.628707383376435303e+01 -5.456992658632057669e+01 9.628683263806678383e+01 -5.457103356363865032e+01 3.518463086900135600e+16 3.518463086900135600e+16
9.663948517966915119e+01 -5.496628050300424206e+01 9.663579883882876231e+01 -5.496593470602553566e+01 3.518462388129299200e+16 3.518462388129300000e+16
9.615430451783768717e+01 -5.022398236378288772e+01 9.615494519530747652e+01 -5.022318720662646285e+01 3.518469370806570800e+16 3.518469370806570800e+16
9.639075582875847203e+01 -5.180841443140023017e+01 9.638712637732170663e+01 -5.180839901344416631e+01 3.518467085330146000e+16 3.518467085330146400e+16
9.627686623770320296e+01 -5.180499197518361854e+01 9.627761415748763341e+01 -5.180281458537507433e+01 3.518467085330149200e+16 3.518467085330153600e+16
9.635528506777453117e+01 -5.180466652722102339e+01 9.635783863858158327e+01 -5.180356950348621581e+01 3.518467085330150000e+16 3.518467085330150000e+16
9.675731458879731406e+01 -5.164902939702867002e+01 9.675347684829901596e+01 -5.164983991907788408e+01 3.518467085749859200e+16 3.518467085749859600e+16
9.285795586083257547e+01 -5.428042600579831856e+01 9.285750113939566575e+01 -5.428032644211594970e+01 3.518463436285760800e+16 3.518463436285761600e+16
9.237457468763641089e+01 -5.185271841099063295e+01 9.237314701122851091e+01 -5.185275549032616738e+01 3.518467081135758000e+16 3.518467081135758000e+16
9.230107149247565701e+01 -5.023690236421201405e+01 9.229976420582788421e+01 -5.023827796622800435e+01 3.518469366612299200e+16 3.518469366612299200e+16
9.230988531317680668e+01 -5.022326419355092497e+01 9.231192624842255157e+01 -5.022186509400828669e+01 3.518469366612336000e+16 3.518469366612336400e+16
9.230988531317680668e+01 -5.022326419355092497e+01 9.230920474455069780e+01 -5.022205201617762071e+01 3.518469366612336000e+16 3.518469366612336800e+16
9.231192624842255157e+01 -5.022186509400828669e+01 9.230920474455069780e+01 -5.022205201617762071e+01 3.518469366612336400e+16 3.518469366612336800e+16
9.258753061686748254e+01 -5.215150643247284279e+01 9.258670264933478222e+01 -5.214912737756387173e+01 3.518466335388832000e+16 3.518466335388836000e+16
9.309973044617635196e+01 -5.040177660424559747e+01 9.310161886703238565e+01 -5.039989709832191522e+01 3.518468981156097600e+16 3.518468981156110000e+16
9.239862128277481190e+01 -5.487432482223529462e+01 9.239634540448406597e+01 -5.487374443946775671e+01 3.518462732900762400e+16 3.518462732900762400e+16
9.209664573065147408e+01 -5.479735301043768203e+01 9.209549418460773040e+01 -5.479968669352220445e+01 3.518462732481484000e+16 3.518462732481484000e+16
9.224990633682162411e+01 -5.076638852538876279e+01 9.224941696492598453e+01 -5.076867540985026750e+01 3.518468596538031600e+16 3.518468596538031600e+16
9.744161390334053863e+01 -5.130497048717082009e+01 9.743792622163620365e+01 -5.130441796823316025e+01 3.518467839885390000e+16 3.518467839885390400e+16
9.780554653719251235e+01 -5.139650258394958371e+01 9.780359513418228801e+01 -5.139464061090891533e+01 3.518467462398159200e+16 3.518467462398160400e+16
9.711507140547101358e+01 -5.014992422583330267e+01 9.711676819517248305e+01 -5.014783552869609906e+01 3.518469372064959600e+16 3.518469372064964400e+16
9.716053444637796588e+01 -5.111744216256625606e+01 9.716034786869005302e+01 -5.111575099284269896e+01 3.518468219469840000e+16 3.518468219469840000e+16
9.726604833078752677e+01 -5.382984912629873975e+01 9.726701463296552674e+01 -5.382881091000468388e+01 3.518464152672761200e+16 3.518464152672761600e+16
9.719858981321119984e+01 -5.345815007680485564e+01 9.720278730946941437e+01 -5.345737620644968047e+01 3.518464512124891200e+16 3.518464512124893200e+16
9.750769291536681749e+01 -5.305639365427253296e+01 9.751057737386477697e+01 -5.305654039455336601e+01 3.518465237319810400e+16 3.518465237319810400e+16
9.724886620827010120e+01 -5.391473655915122265e+01 9.724603888910606031e+01 -5.391500513834225217e+01 3.518463795318431200e+16 3.518463795318431200e+16
9.391012730560179023e+01 -5.091114742793659076e+01 9.391113510674749421e+01 -5.091179325800612077e+01 3.518468216114825600e+16 3.518468216114826000e+16
9.336832929391297853e+01 -5.432397620285490802e+01 9.336918599339192326e+01 -5.432416861922351359e+01 3.518463436705090800e+16 3.518463436705091200e+16
9.308444923684763239e+01 -5.362469207730087817e+01 9.308377951056554878e+01 -5.362303272335340409e+01 3.518464507930218800e+16 3.518464507930219200e+16
9.417127362341739172e+01 -6.029910709509347555e+01 9.417149800391892711e+01 -6.029708687956658508e+01 3.518455575321184800e+16 3.518455575321188000e+16
9.506550416345486099e+01 -6.074875529030844490e+01 9.506071503861447525e+01 -6.074825689177662014e+01 3.518454979310675200e+16 3.518454979310679600e+16
9.444572008978524025e+01 -6.150410898790394043e+01 9.444946936602602250e+01 -6.150417996095278994e+01 3.518454101442823200e+16 3.518454101442823200e+16
9.468047183151645640e+01 -6.148478084997213244e+01 9.467855342134143370e+01 -6.148327116425780758e+01 3.518454101442872000e+16 3.518454101442874400e+16
9.426050847546356692e+01 -6.153380040588444189e+01 9.425936727053428399e+01 -6.153590375756854769e+01 3.518454101023262400e+16 3.518454101023262400e+16
9.441848477469282841e+01 -6.055261194344602416e+01 9.442179074798862359e+01 -6.055169663112320677e+01 3.518455276267266800e+16 3.518455276267266800e+16
9.447431517861103600e+01 -6.082876537637424263e+01 9.447234285215594696e+01 -6.082620392562910894e+01 3.518454978891080000e+16 3.518454978891080000e+16
9.512939183104845142e+01 -6.129826863664963810e+01 9.512474594358289437e+01 -6.129781677665573625e+01 3.518454391688592400e+16 3.518454391688592800e+16
9.506937984185849189e+01 -6.129041519612442102e+01 9.506596790755010318e+01 -6.128912043358591433e+01 3.518454391688615200e+16 3.518454391688615200e+16
9.426083289876086724e+01 -6.098958785820342854e+01 9.426102315056412806e+01 -6.098790418563139326e+01 3.518454683612254400e+16 3.518454683612254400e+16
9.426083289876086724e+01 -6.098958785820342854e+01 9.425606318109332449e+01 -6.098855406247373168e+01 3.518454683612254400e+16 3.518454683612255600e+16
9.426102315056412806e+01 -6.098790418563139326e+01 9.425606318109332449e+01 -6.098855406247373168e+01 3.518454683612254400e+16 3.518454683612255600e+16
9.401545478288863933e+01 -6.091674498144454475e+01 9.401905015360794948e+01 -6.091466438859584542e+01 3.518454683612410000e+16 3.518454683612416400e+16
9.010004837768020991e+01 -6.111486864311921607e+01 9.009474328073113725e+01 -6.111536538684447351e+01 3.518454680256547200e+16 3.518454680256548000e+16
9.019232890541914571e+01 -6.100305307570756241e+01 9.019200740302659369e+01 -6.100505787865856888e+01 3.518454680256855200e+16 3.518454680256855200e+16
9.034094348711177247e+01 -6.086717374356529575e+01 9.033748835328593429e+01 -6.086610419466202160e+01 3.518454975535540000e+16 3.518454975535548000e+16
9.041323374345465425e+01 -6.076736952232030120e+01 9.040928414783456901e+01 -6.076884971671559299e+01 3.518454975535777200e+16 3.518454975535777600e+16
9.039968963515643452e+01 -6.061673184273590920e+01 9.039843654633394010e+01 -6.061505511350878095e+01 3.518455272911693200e+16 3.518455272911697200e+16
9.049505899235634843e+01 -6.051971755125557451e+01 9.049611671864140305e+01 -6.052142787870167950e+01 3.518455272911874400e+16 3.518455272911882400e+16
9.049505899235634843e+01 -6.051971755125557451e+01 9.049355136766278918e+01 -6.051725525484255996e+01 3.518455272911874400e+16 3.518455272911924000e+16
9.049750509999607573e+01 -6.053014003488677020e+01 9.049767634881776246e+01 -6.052885751377183254e+01 3.518455272911876400e+16 3.518455272911892800e+16
9.049591083544000014e+01 -6.053621076364696307e+01 9.049361769425807722e+01 -6.053585420645324433e+01 3.518455272911881200e+16 3.518455272911891200e+16
9.049436327708197325e+01 -6.051506380297959709e+01 9.049355136766278918e+01 -6.051725525484255996e+01 3.518455272911890800e+16 3.518455272911924000e+16
9.029789016160239612e+01 -6.043350085430601126e+01 9.029614143277945004e+01 -6.043118968854656003e+01 3.518455272912220400e+16 3.518455272912225600e+16
9.008020533542621422e+01 -6.037891818522211196e+01 9.008113920429227051e+01 -6.037668009254084467e+01 3.518455272912354400e+16 3.518455272912359200e+16
9.053656329703444783e+01 -6.052679370454746532e+01 9.053475698617879175e+01 -6.052828266766471899e+01 3.518455273331304000e+16 3.518455273331305600e+16
9.053243352009454270e+01 -6.052120170867239324e+01 9.053126683951664688e+01 -6.051964452553760765e+01 3.518455273331305600e+16 3.518455273331330800e+16
9.052863132529036250e+01 -6.052580221032439312e+01 9.052762155610645323e+01 -6.052705029320842556e+01 3.518455273331309200e+16 3.518455273331309600e+16
9.050826249511430888e+01 -6.051644082831492000e+01 9.050935707949720666e+01 -6.051572574364843859e+01 3.518455273331312400e+16 3.518455273331332000e+16
9.004804487102970256e+01 -6.190379139713604673e+01 9.004876912902641095e+01 -6.190196455665763864e+01 3.518453523887078400e+16 3.518453523887078400e+16
9.026021266895685358e+01 -6.187718470598847631e+01 9.025548576605936546e+01 -6.187606703694004295e+01 3.518453523887172400e+16 3.518453523887177200e+16
9.018333950410337252e+01 -6.187683584397452563e+01 9.018018884055038598e+01 -6.187698084660990361e+01 3.518453523887173200e+16 3.518453523887173600e+16
9.037826397936561307e+01 -6.137325924882456007e+01 9.038089203444920372e+01 -6.137113504312468137e+01 3.518454387913537200e+16 3.518454387913537600e+16
9.056143149151616001e+01 -6.101875897543732208e+01 9.056304820054327820e+01 -6.102103121768502803e+01 3.518454680676255600e+16 3.518454680676256000e+16
9.035190606611958231e+01 -6.088586940585377505e+01 9.035565666241630822e+01 -6.088550992477613022e+01 3.518454680676622400e+16 3.518454680676622400e+16
9.077473222802728969e+01 -6.153555097419619102e+01 9.077734670628362323e+01 -6.153394664450450335e+01 3.518454098087442800e+16 3.518454098087448000e+16
9.066042717310955368e+01 -6.149696446725807419e+01 9.066013981241184183e+01 -6.149467576395716861e+01 3.518454098087577600e+16 3.518454098087589600e+16
9.036338983288494831e+01 -6.140425851056685502e+01 9.036722907250653236e+01 -6.140331235924856657e+01 3.518454098087875200e+16 3.518454098087882400e+16
9.058368693166765695e+01 -6.137813974766284275e+01 9.058583257567423175e+01 -6.137781854842101126e+01 3.518454098087968800e+16 3.518454098087968800e+16
9.054230462518205513e+01 -6.186107372591541065e+01 9.053932146635504807e+01 -6.185904585286796475e+01 3.518453809938470800e+16 3.518453809938476800e+16
9.039447520002173064e+01 -6.182009805880360886e+01 9.039146574120469779e+01 -6.182021985182946366e+01 3.518453809938548800e+16 3.518453809938549600e+16
9.063378034845240450e+01 -6.175046779510114447e+01 9.063195190294153747e+01 -6.175186897457700752e+01 3.518453809938701600e+16 3.518453809938701600e+16
9.033579049248757542e+01 -6.171745239961494178e+01 9.033223428515393039e+01 -6.171666617165703883e+01 3.518453809938852800e+16 3.518453809938852800e+16
9.052507267446766548e+01 -6.165459841652617712e+01 9.052317005669702610e+01 -6.165419242892564000e+01 3.518453809939066800e+16 3.518453809939066800e+16
9.005570857248395100e+01 -6.178551957391278648e+01 9.005430954548062061e+01 -6.178547283532891043e+01 3.518453809519152000e+16 3.518453809519152400e+16
9.018944221088239033e+01 -6.170013329590938156e+01 9.018778648588089197e+01 -6.169872748498482196e+01 3.518453809519414400e+16 3.518453809519414800e+16
9.062004157202731847e+01 -6.132221540379583047e+01 9.061979709106611836e+01 -6.132356747594641178e+01 3.518454388333124800e+16 3.518454388333124800e+16
9.080535938851467392e+01 -6.127076544592208052e+01 9.080102915813341724e+01 -6.126943580005163881e+01 3.518454388333288400e+16 3.518454388333294400e+16
9.082097969852092945e+01 -6.124539075705669688e+01 9.081758794084828423e+01 -6.124433877296693396e+01 3.518454388333376800e+16 3.518454388333379600e+16
9.070869355049568128e+01 -6.078197803317652870e+01 9.071223628984158438e+01 -6.078299128254884920e+01 3.518454975955192400e+16 3.518454975955192400e+16
9.056336752747523633e+01 -6.067137579106895373e+01 9.056255185258625318e+01 -6.067059251281539645e+01 3.518454975955488800e+16 3.518454975955488800e+16
9.002923296500549100e+01 -6.162079070613828691e+01 9.003475124373363769e+01 -6.162001263793630557e+01 3.518454097667703600e+16 3.518454097667706400e+16
9.020246668741368978e+01 -6.143690926117496787e+01 9.019959880949784292e+01 -6.143456993683674483e+01 3.518454097668344400e+16 3.518454097668351600e+16
9.011002754646892754e+01 -6.138073884510486522e+01 9.011190464236146624e+01 -6.138331711724791973e+01 3.518454097668530800e+16 3.518454097668531200e+16
9.500112880383238689e+01 -6.151028545926244817e+01 9.500564792910992651e+01 -6.150973306451187028e+01 3.518454101862260800e+16 3.518454101862264000e+16
9.494955367468610063e+01 -6.110792441895557658e+01 9.495324789328168436e+01 -6.110617074505216095e+01 3.518454684450850000e+16 3.518454684450852400e+16
9.487977000539559924e+01 -6.097438141084597873e+01 9.487865573737637703e+01 -6.097213263982364850e+01 3.518454684451163200e+16 3.518454684451165600e+16
9.573996496910724829e+01 -6.107521767854038330e+01 9.573780932903960661e+01 -6.107412192029233466e+01 3.518454684870368000e+16 3.518454684870368400e+16
9.545814782602491277e+01 -6.094571341299852207e+01 9.546264228290678489e+01 -6.094404677085244515e+01 3.518454684870668000e+16 3.518454684870671600e+16
9.547429238602649093e+01 -6.061495911300589512e+01 9.547547039403251290e+01 -6.061397157855515871e+01 3.518455277105994800e+16 3.518455277105994800e+16
9.578710810802448350e+01 -6.158186171536368647e+01 9.578463442967098729e+01 -6.158100442774265559e+01 3.518454102281528800e+16 3.518454102281528800e+16
9.596476854210638407e+01 -6.143779041117613815e+01 9.596796614915670887e+01 -6.143999706112290227e+01 3.518454102281886400e+16 3.518454102281886400e+16
9.606218886580111871e+01 -6.134157315203923844e+01 9.606092248574503856e+01 -6.134339478310052129e+01 3.518454392527336800e+16 3.518454392527337200e+16
9.601131880374913408e+01 -6.121973783994259577e+01 9.601536714358685742e+01 -6.121866627497248459e+01 3.518454392527618400e+16 3.518454392527618400e+16
9.577149274756666841e+01 -6.056455133230684851e+01 9.577442679454249230e+01 -6.056529497383186822e+01 3.518455277525542400e+16 3.518455277525542400e+16
9.519574297181301858e+01 -6.077118092276402450e+01 9.520044275916949061e+01 -6.077020547353063051e+01 3.518454979730040000e+16 3.518454979730044800e+16
9.525704759022953283e+01 -6.067861498047668789e+01 9.525915868383042096e+01 -6.067792238322893184e+01 3.518454979730265200e+16 3.518454979730265200e+16
9.542284959907915720e+01 -6.133452854142176847e+01 9.541820569351207837e+01 -6.133314529306660745e+01 3.518454392107931200e+16 3.518454392107936000e+16
9.571431387628157950e+01 -6.174620880395629285e+01 9.571390893524835519e+01 -6.174397834667561824e+01 3.518453814132929600e+16 3.518453814132932400e+16
9.581164358929747493e+01 -6.172902038221089782e+01 9.581393854223850326e+01 -6.173079187149450320e+01 3.518453814132969600e+16 3.518453814132969600e+16
9.570557676169394767e+01 -6.164128720976021469e+01 9.570970216147779297e+01 -6.164011659147845990e+01 3.518453814133197600e+16 3.518453814133198800e+16
9.528789229082151735e+01 -6.176212163237140373e+01 9.528927759639496742e+01 -6.176010255423689443e+01 3.518453813713411200e+16 3.518453813713411600e+16
9.169289258219127703e+01 -6.153135366543078533e+01 9.169221102743814811e+01 -6.153055886559517518e+01 3.518454098926243600e+16 3.518454098926243600e+16
9.172478316704197709e+01 -6.149868644715884614e+01 9.171952440858204625e+01 -6.149798438978891113e+01 3.518454098926332000e+16 3.518454098926334800e+16
9.176779103164389539e+01 -6.140334380068571107e+01 9.176282294526076555e+01 -6.140255548866426238e+01 3.518454098926533600e+16 3.518454098926538400e+16
9.181613952356489960e+01 -6.139536111244191119e+01 9.182060005907460720e+01 -6.139409397508939037e+01 3.518454098926556400e+16 3.518454098926560800e+16
9.168510673832864200e+01 -6.138583632836049020e+01 9.168013180834799414e+01 -6.138472354416865784e+01 3.518454098926581600e+16 3.518454098926584800e+16
9.127123319237678345e+01 -6.079700275906231610e+01 9.126614101892670305e+01 -6.079639280533039170e+01 3.518454976374579600e+16 3.518454976374582800e+16
9.136861912276131648e+01 -6.065608915443117866e+01 9.136958021313435552e+01 -6.065352083039610420e+01 3.518454976374931200e+16 3.518454976374935600e+16
9.084916627589690563e+01 -6.107832004556834704e+01 9.085232895492264049e+01 -6.107818551768635729e+01 3.518454681095502000e+16 3.518454681095502000e+16
9.091645053875579663e+01 -6.092669608609238452e+01 9.091523938572835561e+01 -6.092500643044196096e+01 3.518454681095930400e+16 3.518454681095930800e+16
9.100874934327445942e+01 -6.091799702850066467e+01 9.100764596228077608e+01 -6.091648695082720621e+01 3.518454681095950800e+16 3.518454681095950800e+16
9.144028339641657510e+01 -6.128149540602679224e+01 9.143556173836603307e+01 -6.128108454764290514e+01 3.518454388752696000e+16 3.518454388752696400e+16
9.131317803240860087e+01 -6.121825438337111791e+01 9.131195478677062738e+01 -6.121564519269618643e+01 3.518454388752860400e+16 3.518454388752879200e+16
9.123752352705285773e+01 -6.117773558224922681e+01 9.123341422176665105e+01 -6.117596083092276871e+01 3.518454388753004000e+16 3.518454388753009200e+16
9.159104610997307816e+01 -6.066562575326017281e+01 9.158760525491513249e+01 -6.066392242929300949e+01 3.518454976794356800e+16 3.518454976794360800e+16
9.168574172180714754e+01 -6.062597958043551216e+01 9.168919528029007893e+01 -6.062490204920529635e+01 3.518454976794441600e+16 3.518455274169963200e+16
9.088065931127835029e+01 -6.179204372955818059e+01 9.087715343479307251e+01 -6.178997528420506313e+01 3.518453810357869200e+16 3.518453810357874000e+16
9.120907727724059555e+01 -6.175835626922794575e+01 9.121292761138414562e+01 -6.175944610602011409e+01 3.518453810357962400e+16 3.518453810357962400e+16
9.097992513355212907e+01 -6.166158601926463945e+01 9.097444886139007281e+01 -6.166159231450547651e+01 3.518453810358259200e+16 3.518453810358259200e+16
9.138064876477062626e+01 -6.090682356672383690e+01 9.138451599454174357e+01 -6.090736411290178864e+01 3.518454681515366800e+16 3.518454681515367200e+16
9.148922904741112916e+01 -6.062400942628575962e+01 9.148923439409246328e+01 -6.062464311917963755e+01 3.518455273750534800e+16 3.518455273750535200e+16
9.149522959755471163e+01 -6.062029027801070669e+01 9.149028963700327211e+01 -6.061943473007438854e+01 3.518455273750559600e+16 3.518455273750560800e+16
9.139418876782822565e+01 -6.061534706946908813e+01 9.139639851344114163e+01 -6.061486106296644749e+01 3.518455273750572000e+16 3.518455273750572000e+16
9.083175304703971165e+01 -6.142248213348414509e+01 9.082729129358304476e+01 -6.142228661034332049e+01 3.518454098507121200e+16 3.518454098507146000e+16
9.156760117516469677e+01 -6.062336701147687279e+01 9.156853052541372051e+01 -6.062232665672257781e+01 3.518455274169969600e+16 3.518455274169969600e+16
9.183570292886464870e+01 -6.170555385268755089e+01 9.183887770399758210e+01 -6.170385605055611222e+01 3.518453810777529600e+16 3.518453811196931200e+16
9.180940443292793418e+01 -6.136553964708612341e+01 9.181398231170389579e+01 -6.136442407730192627e+01 3.518454389171845600e+16 3.518454389171846400e+16
9.176709196481951381e+01 -6.135662072257414934e+01 9.176706679597717198e+01 -6.135812271771170856e+01 3.518454389171865600e+16 3.518454389171865600e+16
9.158341114582412956e+01 -6.121466608437321355e+01 9.158239328191457673e+01 -6.121262481530032318e+01 3.518454389172202800e+16 3.518454389172203200e+16
9.164895237721054855e+01 -6.018283769937723093e+01 9.164831575384407358e+01 -6.018220290719720822e+01 3.518455573224333600e+16 3.518455573224333600e+16
9.083318324567586899e+01 -6.017665061506720292e+01 9.083736443917828751e+01 -6.017595726505835074e+01 3.518455572804940400e+16 3.518455572804942400e+16
9.636369965578403196e+01 -6.120273984344079565e+01 9.636747911839805170e+01 -6.120400100471605498e+01 3.518454392947105200e+16 3.518454392947105200e+16
9.629224401861675631e+01 -6.119763908460981128e+01 9.628831739650166810e+01 -6.119705643492330438e+01 3.518454392947132000e+16 3.518454392947134000e+16
9.644246051775985507e+01 -6.112588241759723928e+01 9.643752235248649640e+01 -6.112576349995244840e+01 3.518454392947320400e+16 3.518454392947321200e+16
9.650733373611089405e+01 -6.061780126363713350e+01 9.650453609599279048e+01 -6.061582121451489513e+01 3.518455277944839600e+16 3.518455277944861600e+16
9.652423939502243400e+01 -6.054720074024662324e+01 9.652785933771069438e+01 -6.054861243686164585e+01 3.518455277945024400e+16 3.518455277945024400e+16
9.677921177800179464e+01 -6.130028336443621839e+01 9.677551410763537376e+01 -6.129900159412829908e+01 3.518454393366279200e+16 3.518454393366282800e+16
9.668947824347731057e+01 -6.109816017307095137e+01 9.669034042652955918e+01 -6.109593552809359807e+01 3.518454685709185600e+16 3.518454685709186000e+16
9.660670449053402820e+01 -6.067360563720522038e+01 9.660310840394424758e+01 -6.067166487231857275e+01 3.518454980569172800e+16 3.518454980569178400e+16
9.666919735314975526e+01 -6.062271898975533446e+01 9.666755338243619633e+01 -6.062066507281776495e+01 3.518455278364273200e+16 3.518455278364279200e+16
9.659210677902974851e+01 -6.060830142222400241e+01 9.659584787505438896e+01 -6.060627594356868286e+01 3.518455278364305200e+16 3.518455278364310000e+16
9.676926852953884861e+01 -6.055959255236536620e+01 9.677246728517029339e+01 -6.055928622347438761e+01 3.518455278364447200e+16 3.518455278364447200e+16
9.672912280770721338e+01 -6.053773301577717803e+01 9.672835161684542982e+01 -6.053624963570175765e+01 3.518455278364488800e+16 3.518455278364489200e+16
9.679145267215572801e+01 -6.053323371726823865e+01 9.678798596735353499e+01 -6.053329946014600438e+01 3.518455278364496800e+16 3.518455278364496800e+16
9.668124053617934521e+01 -6.051333361550241108e+01 9.668442039625422524e+01 -6.051154906084104113e+01 3.518455278364540000e+16 3.518455278364543200e+16
9.674016568950453632e+01 -6.050381555707339487e+01 9.674479062797944096e+01 -6.050301698729270328e+01 3.518455278364562000e+16 3.518455278364563200e+16
9.660987953579017073e+01 -6.040261955062808141e+01 9.661285252741531338e+01 -6.040375342285332749e+01 3.518455278364801600e+16 3.518455278364801600e+16
9.678545432290304973e+01 -6.038720163676993025e+01 9.678792304027339810e+01 -6.038912871479655564e+01 3.518455278364838400e+16 3.518455278364838800e+16
9.694024542807204625e+01 -6.038267750243939247e+01 9.694444444746670797e+01 -6.038095689549300715e+01 3.518455278364856800e+16 3.518455278364859200e+16
9.278704207907821910e+01 -6.133394466181103866e+01 9.278503916136439500e+01 -6.133187406023837696e+01 3.518454390010731200e+16 3.518454390010736000e+16
9.272911175090965230e+01 -6.118503351457054862e+01 9.272648470002623355e+01 -6.118288672334712430e+01 3.518454390010895600e+16 3.518454390010897600e+16
9.235857063532463940e+01 -6.044017312363121874e+01 9.235737293232214995e+01 -6.044117619187570511e+01 3.518455274589880800e+16 3.518455274589880800e+16
9.226075641006910644e+01 -6.111980434767163928e+01 9.226208032458397668e+01 -6.112221730992560964e+01 3.518454681934245200e+16 3.518454681934245600e+16
9.214370371743680721e+01 -6.090933825485011255e+01 9.214748646823896649e+01 -6.090756210123559811e+01 3.518454681934681600e+16 3.518454681934689600e+16
9.232113626793488947e+01 -6.009184753014322666e+01 9.231782772977150842e+01 -6.008998977206310599e+01 3.518455875633224000e+16 3.518455875633227600e+16
9.231782904645339727e+01 -6.008181446101777823e+01 9.231993212258332449e+01 -6.007970241456532534e+01 3.518455875633246800e+16 3.518455875633250000e+16
9.228302382957492966e+01 -6.005801462167968907e+01 9.228358838581812051e+01 -6.005528838907995492e+01 3.518455875633291200e+16 3.518455875633301600e+16
9.207644058048997238e+01 -6.135598950991789735e+01 9.207655658823567535e+01 -6.135426681434407215e+01 3.518454389591298400e+16 3.518454389591299200e+16
9.250000876122435045e+01 -6.117964715617882376e+01 9.250393532131057839e+01 -6.117767746134701667e+01 3.518454389591692800e+16 3.518454389591696800e+16
9.263641298143299707e+01 -6.036779070571683548e+01 9.263757317220533594e+01 -6.036909852953172617e+01 3.518455574062716000e+16 3.518455574062716000e+16
9.271782610643258238e+01 -6.036383604071261288e+01 9.271717257421163083e+01 -6.036461598527642991e+01 3.518455574062725600e+16 3.518455574062725600e+16
9.248259773626948288e+01 -6.018445013739365379e+01 9.247972509816017350e+01 -6.018287270712783510e+01 3.518455574063115200e+16 3.518455574063123200e+16
9.253013976146726804e+01 -6.012969114995549802e+01 9.253253021324275096e+01 -6.013194251280505398e+01 3.518455574063239200e+16 3.518455574063239200e+16
9.247369740605979871e+01 -6.112263482913451185e+01 9.247101594467258678e+01 -6.112141805754333745e+01 3.518454682353672000e+16 3.518454682353673600e+16
9.274945537544778063e+01 -6.104912284867096872e+01 9.274765710799476892e+01 -6.104840758368506926e+01 3.518454682353821200e+16 3.518454682353821600e+16
9.248786596444107033e+01 -6.141693613969049181e+01 9.248494038198059286e+01 -6.141505996889911501e+01 3.518454099765102400e+16 3.518454099765102800e+16
9.263558177430337537e+01 -6.046283804937048956e+01 9.263977772490704865e+01 -6.046417237825252045e+01 3.518455275009268000e+16 3.518455275009268000e+16
9.265563222570902724e+01 -6.045167637566797936e+01 9.265489767632668361e+01 -6.044973260856456676e+01 3.518455275009299200e+16 3.518455275009299200e+16
9.275708791484379390e+01 -6.043965884384584797e+01 9.276131288895408034e+01 -6.043893081624351282e+01 3.518455275009329600e+16 3.518455275009330000e+16
9.286022105976068985e+01 -6.043607173524041087e+01 9.286466352012656955e+01 -6.043502288150817492e+01 3.518455275009336400e+16 3.518455275009339200e+16
9.256769874649492635e+01 -6.040773909987361634e+01 9.256598102026970309e+01 -6.040710013579382576e+01 3.518455275009406800e+16 3.518455275009407200e+16
9.206392353383172633e+01 -6.081573719645633247e+01 9.205983868821195415e+01 -6.081552515838279049e+01 3.518454977213367600e+16 3.518454977213367600e+16
9.228149276430340819e+01 -6.076595015248295795e+01 9.228561292148411610e+01 -6.076563381046282331e+01 3.518454977213452800e+16 3.518454977213454400e+16
9.224845041605605900e+01 -6.017704859879886214e+01 9.225159172021585618e+01 -6.017500045286396926e+01 3.518455573643759200e+16 3.518455573643770800e+16
9.190218140710794614e+01 -6.151743168538141049e+01 9.190072916141235737e+01 -6.151481226579259243e+01 3.518454099345692000e+16 3.518454099345709200e+16
9.196065614189861037e+01 -6.149203489979153403e+01 9.196046292953386114e+01 -6.149307422699113346e+01 3.518454099345774400e+16 3.518454099345774800e+16
9.186914009508102197e+01 -6.142708870074086036e+01 9.186914785357262758e+01 -6.142498013718635974e+01 3.518454099345913600e+16 3.518454099345918400e+16
9.252509795084557709e+01 -6.007223906970342142e+01 9.252283000747782182e+01 -6.007067113739854847e+01 3.518455876052709600e+16 3.518455876052709600e+16
9.740607612902904577e+01 -6.018037242923055885e+01 9.741126741108153908e+01 -6.018101307433133940e+01 3.518455578257324000e+16 3.518455578257324800e+16
9.725435585388447635e+01 -6.160838965196245454e+01 9.724890605328651816e+01 -6.160843501402857925e+01 3.518454103539748400e+16 3.518454103539748400e+16
9.741777389398794185e+01 -6.132884696054087925e+01 9.742005082220396162e+01 -6.132633236687301803e+01 3.518454393785656000e+16 3.518454393785662000e+16
9.738058191043722900e+01 -6.128524266652791397e+01 9.737561498118552095e+01 -6.128455702079946832e+01 3.518454393785728800e+16 3.518454393785730400e+16
9.737507764457718906e+01 -6.115880959622846547e+01 9.737326698462065622e+01 -6.115960635755225638e+01 3.518454393785980400e+16 3.518454393785980400e+16
9.366865653157563543e+01 -6.088152658874625445e+01 9.366383492104587560e+01 -6.088097088355306852e+01 3.518454683193006800e+16 3.518454683193008000e+16
9.324370388635072970e+01 -6.037041189495620586e+01 9.324505260661992168e+01 -6.037029521622616812e+01 3.518455574482138800e+16 3.518455574482139200e+16
9.316333153112732646e+01 -6.012537126980533486e+01 9.316621626465486372e+01 -6.012522582327508758e+01 3.518455574482683600e+16 3.518455574482684000e+16
9.330519227673853777e+01 -6.057106719548537654e+01 9.330993256326034668e+01 -6.057231064965062473e+01 3.518455275428363200e+16 3.518455275428363600e+16
9.397802128886621631e+01 -6.116574604601650833e+01 9.397707159336860627e+01 -6.116587874017077553e+01 3.518454390849988000e+16 3.518454390849988000e+16
9.299446232174469174e+01 -6.104812980116489740e+01 9.299613614649042859e+01 -6.104839170196237319e+01 3.518454682773213600e+16 3.518454682773213600e+16
9.299446232174469174e+01 -6.104812980116489740e+01 9.299629433300449932e+01 -6.104566616265800150e+01 3.518454682773213600e+16 3.518454682773213600e+16
9.299613614649042859e+01 -6.104839170196237319e+01 9.299629433300449932e+01 -6.104566616265800150e+01 3.518454682773213600e+16 3.518454682773213600e+16
9.311929134526909024e+01 -6.098523669841614492e+01 9.312236078222807123e+01 -6.098296317873140282e+01 3.518454682773314800e+16 3.518454682773319600e+16
9.310838908754898569e+01 -6.091919042442471266e+01 9.310822375500050896e+01 -6.091656455404853432e+01 3.518454682773372800e+16 3.518454682773377200e+16
9.383708643834161478e+01 -6.062295083125768969e+01 9.383860512982946034e+01 -6.062098081643208758e+01 3.518455275847685200e+16 3.518455275847696400e+16
9.392986260523673536e+01 -6.059411278655952771e+01 9.392789459463480739e+01 -6.059214061076142599e+01 3.518455275847741200e+16 3.518455275847747200e+16
9.399405035334280001e+01 -6.043496098042103171e+01 9.399003560650602651e+01 -6.043483783199112480e+01 3.518455275848119200e+16 3.518455275848120000e+16
9.474818215131702459e+01 -4.191800920430993926e+01 9.474952163228138602e+01 -4.191838407034072134e+01 3.518483202782428000e+16 3.518483202782428000e+16
9.491884553730392327e+01 -4.281931822100161611e+01 9.491937815091004893e+01 -4.281871991591574300e+01 3.518481861863143200e+16 3.518481861863143200e+16
9.471861285685479004e+01 -4.139970704340893093e+01 9.471961014125334088e+01 -4.140027611349551506e+01 3.518484106235582000e+16 3.518484106235582000e+16
9.056684136846598676e+01 -4.359432725628002459e+01 9.056729404059230149e+01 -4.359471512895061807e+01 3.518480531429842000e+16 3.518480531429842400e+16
9.073144973647059430e+01 -4.389070178742934303e+01 9.072853659057133768e+01 -4.388963673949420041e+01 3.518479656917850400e+16 3.518479656917850400e+16
9.010623960020426182e+01 -4.317218871791502011e+01 9.010496010457096361e+01 -4.317057145571520493e+01 3.518480970993337200e+16 3.518480970993339200e+16
9.064479848226929448e+01 -4.432958625028755506e+01 9.064340912915352533e+01 -4.432868682972598862e+01 3.518479222387606400e+16 3.518479222387606400e+16
9.011386235290002844e+01 -4.197781045426544466e+01 9.011717422288162993e+01 -4.197761836471248387e+01 3.518483196910288400e+16 3.518483196910289200e+16
9.603204914286088467e+01 -4.462452941767611492e+01 9.603354217211902721e+01 -4.462393575707742599e+01 3.518478796246221200e+16 3.518478796246221600e+16
9.522551637241902256e+01 -4.384758276372906494e+01 9.522897801406905671e+01 -4.384856837126385187e+01 3.518480098997124400e+16 3.518480098997124800e+16
9.115119361818682364e+01 -4.184685168318687687e+01 9.114880839606074403e+01 -4.184640774960308818e+01 3.518483649056019600e+16 3.518483649056020000e+16
9.147691389005292706e+01 -4.388639404800803590e+01 9.147922436419894154e+01 -4.388435705878318061e+01 3.518479657756762400e+16 3.518479657756766800e+16
9.196016482766300726e+01 -4.033891174627490273e+01 9.195874405162621201e+01 -4.034022024349397384e+01 3.518486390872596800e+16 3.518486390872597600e+16
9.696866065034086546e+01 -4.458898120711302937e+01 9.697189012091919835e+01 -4.458894962276031748e+01 3.518478797504552400e+16 3.518478797504554000e+16
9.307104987391653594e+01 -4.014948522037094136e+01 9.307338338036467462e+01 -4.014831743678654874e+01 3.518486392131482000e+16 3.518486392131492000e+16
9.711699178438000502e+01 -4.488426614194657560e+01 9.711955575340377322e+01 -4.488332913255416656e+01 3.518477937672372000e+16 3.518477937672373200e+16
9.330677567346872081e+01 -4.267000661985303367e+01 9.330557701430804229e+01 -4.267119607129134806e+01 3.518481859766296800e+16 3.518481859766296800e+16
9.343796212521418454e+01 -4.389118691674968176e+01 9.343682917134832167e+01 -4.388891527335974985e+01 3.518479659854035200e+16 3.518479659854043200e+16
9.315127354081535316e+01 -4.244921147310918030e+01 9.315257894469921496e+01 -4.244712397237885426e+01 3.518482304781785200e+16 3.518482304781785200e+16
9.319738132470502023e+01 -4.238511641307409405e+01 9.319854832393389188e+01 -4.238670002318045960e+01 3.518482304781908800e+16 3.518482304781908800e+16
9.402377824703883391e+01 -4.379045518040958740e+01 9.402326344232010058e+01 -4.379193128095725029e+01 3.518480097319562400e+16 3.518480097319562400e+16
9.398434117089880147e+01 -4.391619207657080892e+01 9.398395231287041440e+01 -4.391588004712058790e+01 3.518479660692913600e+16 3.518479660692913600e+16
9.360304965747043582e+01 -4.247434898406093140e+01 9.360327998651393955e+01 -4.247291096231758445e+01 3.518482305201227600e+16 3.518482305201228000e+16
9.473821905229526408e+01 -3.898905888094237326e+01 9.473993537082589000e+01 -3.898936075411383939e+01 3.518488724583444400e+16 3.518488724583444400e+16
9.452940557958282852e+01 -3.966613526920563970e+01 9.453191748435318686e+01 -3.966483418967020214e+01 3.518487321169432400e+16 3.518487321169437600e+16
9.432598742744075082e+01 -3.904942995310989318e+01 9.432395337570673632e+01 -3.905010897836323380e+01 3.518488723744514800e+16 3.518488723744514800e+16
9.429253930475483969e+01 -3.922575624138634964e+01 9.429204743232033081e+01 -3.922468850063442147e+01 3.518488254402017600e+16 3.518488254402017600e+16
9.412185946995046493e+01 -3.973519566838594130e+01 9.412123761298158797e+01 -3.973351987062341806e+01 3.518487320749978400e+16 3.518487320749978400e+16
9.515029199150067996e+01 -3.949098412146476278e+01 9.514797684497264640e+01 -3.949205493453751359e+01 3.518487787995337600e+16 3.518487787995338400e+16
9.300789602447731852e+01 -3.862552618594349241e+01 9.300595517151032254e+01 -3.862425153044598858e+01 3.518489193087650400e+16 3.518489665785040800e+16
