2.156168288583471906e+02 -8.210376169067775010e+00 2.156191466205200413e+02 -8.210864690148843792e+00 3.518556259169408800e+16 3.518556259169408800e+16
2.152348669365948126e+02 -8.842683635738943337e+00 2.152336319112547471e+02 -8.840733953268619771e+00 3.518555062534192800e+16 3.518555062534195600e+16
2.167699082624127129e+02 -7.265892355415351389e+00 2.167700284089658567e+02 -7.265118455351080584e+00 3.518558657891756800e+16 3.518558657891756800e+16
2.170405528752353632e+02 -8.282887973192423203e+00 2.170417114463685095e+02 -8.284155843107505746e+00 3.518556261266431200e+16 3.518556261266431200e+16
2.169015485460244292e+02 -8.698539911949673353e+00 2.168995854774791212e+02 -8.698236705055645501e+00 3.518555065051035600e+16 3.518555065051036000e+16
2.178428442980968782e+02 -8.041393575982846542e+00 2.178408693106015050e+02 -8.040450019507886736e+00 3.518556861471332000e+16 3.518556861471332400e+16
2.178411564360955026e+02 -7.601130694955537059e+00 2.178413104659709632e+02 -7.598647759009933722e+00 3.518558059783836400e+16 3.518558059783840000e+16
2.175598385518593432e+02 -7.487762886822056707e+00 2.175606730182191484e+02 -7.488101419740895714e+00 3.518558059364622400e+16 3.518558059364622400e+16
2.171421827578428179e+02 -6.980465251460411302e+00 2.171421041211876286e+02 -6.979874277916351843e+00 3.518559258096716800e+16 3.518559258096716800e+16
2.182391075426925795e+02 -6.103165508079187340e+00 2.182397030820722819e+02 -6.104892468897250346e+00 3.518561662690966400e+16 3.518561662690966400e+16
2.190221755487433484e+02 -8.120718722462562766e+00 2.190240577627095320e+02 -8.120974907942292376e+00 3.518556863148861200e+16 3.518556863148861200e+16
2.187268435740902532e+02 -6.192506459430526355e+00 2.187283254137609561e+02 -6.192712882525971629e+00 3.518561062486433600e+16 3.518561062486433600e+16
2.187708856373461970e+02 -6.678040468832906029e+00 2.187731986396468926e+02 -6.676586248192530881e+00 3.518559861237758400e+16 3.518559861237758400e+16
2.179793782472607973e+02 -6.424939208027470983e+00 2.179779306393488980e+02 -6.425323694930205498e+00 3.518560460603739200e+16 3.518560460603739200e+16
2.188844791183584846e+02 -7.326968090089744479e+00 2.188829624449429616e+02 -7.326752033510456563e+00 3.518558661247084000e+16 3.518558661247084000e+16
2.191436216227546083e+02 -7.980371944822670649e+00 2.191424891237649604e+02 -7.982003126208621069e+00 3.518556863568609600e+16 3.518556863568610000e+16
2.190369968619534689e+02 -7.281362630011001258e+00 2.190361284719236039e+02 -7.279897311185061781e+00 3.518558661666621600e+16 3.518558661666622000e+16
2.191476800563388849e+02 -8.884735568676525475e+00 2.191491908817813794e+02 -8.885919772512732351e+00 3.518554471557209600e+16 3.518554471557210000e+16
2.194232958678356056e+02 -5.242869679358571844e+00 2.194232425465167466e+02 -5.241964045722397714e+00 3.518563469597379200e+16 3.518563469597379200e+16
2.193307390870428151e+02 -8.056303578568197565e+00 2.193310690857302063e+02 -8.057656608456483127e+00 3.518556863987892800e+16 3.518556863987892800e+16
2.192261439603857980e+02 -5.090595252349850774e+00 2.192269003700618555e+02 -5.091824832944107371e+00 3.518564071479784000e+16 3.518564071479784000e+16
2.199428834991911117e+02 -6.686857182042878378e+00 2.199440248116168561e+02 -6.685703014915802989e+00 3.518559862915515600e+16 3.518559862915516000e+16
2.304090941003957482e+02 -6.514723973010561942e+00 2.304100563566767619e+02 -6.514684254011291920e+00 3.518560481155568000e+16 3.518560481155568400e+16
2.303344466577160574e+02 -6.291380889068659776e+00 2.303358426660878990e+02 -6.291399769805960496e+00 3.518561081779861600e+16 3.518561081779862000e+16
2.263909081164659369e+02 -2.004572808058847855e+00 2.263929609613904290e+02 -2.005863637876517558e+00 3.518571323012205600e+16 3.518571323012206400e+16
2.263049869883489862e+02 -1.138375931297780141e+00 2.263029210281012240e+02 -1.137422121201601355e+00 3.518573134951753600e+16 3.518573134951755600e+16
2.266970853655014935e+02 -1.915691753745032422e+00 2.266955768156286979e+02 -1.916818291451018119e+00 3.518571323431736800e+16 3.518571323431737200e+16
2.268297937332802974e+02 -4.057408411440626139e+00 2.268288471820738437e+02 -4.055439472144412250e+00 3.518566494948711200e+16 3.518566494948719200e+16
2.266968382797248296e+02 -1.539402069790117622e+00 2.266953180007432138e+02 -1.540414817056233288e+00 3.518572531391061200e+16 3.518572531391061200e+16
2.265107046280378711e+02 -4.202716157994685453e+00 2.265086778021812393e+02 -4.202237159298967129e+00 3.518565890969145600e+16 3.518565890969148400e+16
2.267540192691643028e+02 -4.216510200295423338e+00 2.267530203137467879e+02 -4.214838369658717276e+00 3.518565891388585200e+16 3.518565891388585600e+16
2.265683680893571079e+02 -4.177885204786856654e+00 2.265698472981245288e+02 -4.179264535343904186e+00 3.518565891388680000e+16 3.518565891388680400e+16
2.224085521845529740e+02 -4.435099158268554831e+00 2.224069083315927742e+02 -4.434778624325619312e+00 3.518565281536868000e+16 3.518565281536868400e+16
2.221196183289346777e+02 -2.536959294285536348e+00 2.221185891799552223e+02 -2.536619852237179895e+00 3.518570107922219200e+16 3.518570107922219200e+16
2.221884788637758561e+02 -3.490918925620393409e+00 2.221879784550270074e+02 -3.489468372440788002e+00 3.518567693261550400e+16 3.518567693261550400e+16
2.229050706942171303e+02 -4.536115922746327911e+00 2.229077289904151939e+02 -4.535436795690425349e+00 3.518565282375515600e+16 3.518565282375520000e+16
2.229829689196752156e+02 -3.072489973387927620e+00 2.229836905200827744e+02 -3.074272424924704428e+00 3.518568901220876800e+16 3.518568901220877200e+16
2.223962727873800986e+02 -3.105270608095495266e+00 2.223939372646618438e+02 -3.103990705572368114e+00 3.518568900381963600e+16 3.518568900381964000e+16
2.274223814834663528e+02 -2.609939966404300815e+00 2.274238284598997097e+02 -2.611745302785791978e+00 3.518570116730096800e+16 3.518570116730096800e+16
2.275316742792269054e+02 -4.306365693495314950e+00 2.275335092989913619e+02 -4.306323497728973493e+00 3.518565892646659200e+16 3.518565892646659200e+16
2.278616719734581295e+02 -2.700416711887092980e+00 2.278610322799754613e+02 -2.698252914577999206e+00 3.518569513589468000e+16 3.518569513589473200e+16
2.238916184294933487e+02 -1.773595215236025702e+00 2.238925133334226985e+02 -1.774531441129644671e+00 3.518571922797566800e+16 3.518571922797566800e+16
2.230448684644851198e+02 -2.483254472424816228e+00 2.230434292704811412e+02 -2.483205643268934004e+00 3.518570109600070800e+16 3.518570109600071200e+16
2.235854074588917797e+02 -3.095406858522146809e+00 2.235850861820184718e+02 -3.092783066152435811e+00 3.518568902479109600e+16 3.518568902479110000e+16
2.234985237608335638e+02 -4.163878466399981271e+00 2.234973056587153337e+02 -4.166010664253202656e+00 3.518565885936142400e+16 3.518565885936142400e+16
2.239194749525668726e+02 -2.544866921254990810e+00 2.239191564843368667e+02 -2.546516264344665270e+00 3.518570110858198400e+16 3.518570110858198400e+16
2.237134926212366111e+02 -3.657787472303446030e+00 2.237125126263621837e+02 -3.657242791198443754e+00 3.518567092637380800e+16 3.518567092637384000e+16
2.230750561106281111e+02 -2.646521043070410695e+00 2.230726000904318767e+02 -2.646289150682210600e+00 3.518569505620472800e+16 3.518569505620472800e+16
2.235574285678014519e+02 -3.745397740070432135e+00 2.235574856246694537e+02 -3.746368965684977681e+00 3.518567092217726800e+16 3.518567092217727200e+16
2.240699360624781491e+02 -4.447551938686371997e+00 2.240674339367218124e+02 -4.447042055481821521e+00 3.518565284053434800e+16 3.518565284053435200e+16
2.287933965760401520e+02 -3.273306559053104081e+00 2.287948764697037234e+02 -3.272546807154467441e+00 3.518568307307535200e+16 3.518568307307535600e+16
2.288492052922678965e+02 -3.685454710856695737e+00 2.288496462361947863e+02 -3.687144593493833611e+00 3.518567101445254400e+16 3.518567101445254800e+16
2.243101250515976517e+02 -3.808536505478688827e+00 2.243078155916220169e+02 -3.807964745003284968e+00 3.518567093475897600e+16 3.518567093475897600e+16
2.247049150923158152e+02 -2.917063825908722485e+00 2.247060425300435611e+02 -2.918642917817865889e+00 3.518568904157256400e+16 3.518568904157256800e+16
2.241291711233171497e+02 -1.166497305998368317e+00 2.241286551984223649e+02 -1.168349702987149241e+00 3.518573131176852400e+16 3.518573131176852400e+16
2.246378943972338789e+02 -4.552223224538573199e+00 2.246369694350265149e+02 -4.550360716832239305e+00 3.518565285311476800e+16 3.518565285311483200e+16
2.241024306725645658e+02 -3.939708551367099965e+00 2.241033085008211856e+02 -3.938940859973914854e+00 3.518566490335270400e+16 3.518566490335270400e+16
2.299304916206769178e+02 -4.819913320574420901e+00 2.299306302460567508e+02 -4.818515176946024603e+00 3.518564691817299600e+16 3.518564691817299600e+16
2.296463875200449536e+02 -4.921211968648020907e+00 2.296481728734111130e+02 -4.919943596357078341e+00 3.518564089096082400e+16 3.518564089096082400e+16
2.291352719685094996e+02 -4.841893921301138271e+00 2.291340268700192837e+02 -4.841968366681051350e+00 3.518564690139634400e+16 3.518564690139634400e+16
2.290873761607796553e+02 -3.494977265703213209e+00 2.290894221462046403e+02 -3.494320934597367589e+00 3.518567705005504800e+16 3.518567705005505200e+16
2.209183071503675251e+02 -4.882993306033065473e+00 2.209201247770186001e+02 -4.881292460497537178e+00 3.518564074416246400e+16 3.518564074416251200e+16
2.204013894370309004e+02 -4.053001444979046575e+00 2.204011441761944354e+02 -4.051990573019637054e+00 3.518566484043512000e+16 3.518566484043512000e+16
2.206045504164126498e+02 -4.968833722819164578e+00 2.206067908000845250e+02 -4.967380524436502576e+00 3.518564073577188000e+16 3.518564073577188400e+16
2.207165664965647238e+02 -3.888259634314056967e+00 2.207171423284677587e+02 -3.887809535500890146e+00 3.518566484463325600e+16 3.518566484463325600e+16
2.203078376011853550e+02 -4.864752661907627562e+00 2.203060826526180449e+02 -4.863330552553009056e+00 3.518564675459508000e+16 3.518564675459510000e+16
2.252618632617769663e+02 -4.809532123446415675e+00 2.252643323239205415e+02 -4.809221871895074329e+00 3.518564683848260800e+16 3.518564683848262000e+16
2.253493330907192558e+02 -1.247231495080110664e+00 2.253505611294476125e+02 -1.245617600791207424e+00 3.518573133273783600e+16 3.518573133273788400e+16
2.254038472239947737e+02 -2.713458646359745430e+00 2.254030841721414333e+02 -2.710880616916602648e+00 3.518569509395255600e+16 3.518569509395255600e+16
2.252211729744271338e+02 -4.248114961079735963e+00 2.252217134142874215e+02 -4.245487003816916349e+00 3.518565888871945600e+16 3.518565888871951200e+16
2.255759704103963941e+02 -3.924049839578889642e+00 2.255738407795678313e+02 -3.922796707601580835e+00 3.518566492851884400e+16 3.518566492851886400e+16
2.253960556544274425e+02 -1.077695062780757551e+00 2.253954506040630008e+02 -1.079272314442689229e+00 3.518573737253403200e+16 3.518573737253403200e+16
2.258736387147031905e+02 -1.802582636658848214e+00 2.258719646231699016e+02 -1.800729242906066618e+00 3.518571926152990400e+16 3.518571926152994400e+16
2.255366030046237427e+02 -4.355448767915186536e+00 2.255344688365975117e+02 -4.354857068709037549e+00 3.518565889291103600e+16 3.518565889291104400e+16
2.255593338474193956e+02 -4.268868523485402910e+00 2.255593897280762974e+02 -4.269351152374516900e+00 3.518565889291313200e+16 3.518565889291313200e+16
2.250339832687351986e+02 -4.867883226045239375e+00 2.250322753049865980e+02 -4.867313425212175027e+00 3.518564683428683600e+16 3.518564683428683600e+16
2.215821871473469287e+02 -3.745732405302666823e+00 2.215803137509940655e+02 -3.745113876294368982e+00 3.518567089281740800e+16 3.518567089281742400e+16
2.212254180049207264e+02 -3.936026068333776884e+00 2.212241426228721366e+02 -3.935786768193012986e+00 3.518566485302080800e+16 3.518566485302081200e+16
2.218825249088743305e+02 -2.929088989377348629e+00 2.218842352611936519e+02 -2.930949023204785231e+00 3.518568899543552800e+16 3.518568899543553200e+16
2.198134194298428383e+02 -4.768356806852531271e+00 2.198148095705629430e+02 -4.767812730466450155e+00 3.518564674620852800e+16 3.518564674620853200e+16
2.194543251971860514e+02 -4.766840567788761085e+00 2.194560055557479359e+02 -4.768262588333242569e+00 3.518564674201433200e+16 3.518564674201433200e+16
2.197747961827409142e+02 -4.959403369012076013e+00 2.197759802905238757e+02 -4.958236112367011117e+00 3.518564072318956400e+16 3.518564072318956800e+16
2.260009406591619552e+02 -6.059867460269874329e+00 2.259987096299914242e+02 -6.060623873415504903e+00 3.518561675693471600e+16 3.518561675693471600e+16
2.265333327963470538e+02 -8.549207591864183442e+00 2.265328710248811035e+02 -8.547427207573187857e+00 3.518555679096940400e+16 3.518555679096940400e+16
2.262708768665394530e+02 -7.795847536816816969e+00 2.262726570884942419e+02 -7.794936557189781290e+00 3.518557474259152800e+16 3.518557474259154400e+16
2.267007648748344479e+02 -7.355893583979828954e+00 2.267000456562705324e+02 -7.354765052650003909e+00 3.518558674249352800e+16 3.518558674249352800e+16
2.267379008018430682e+02 -7.210985424267963850e+00 2.267382096533528397e+02 -7.208855806044594416e+00 3.518558674249686400e+16 3.518558674249686400e+16
2.262354019698623233e+02 -7.975699135759370506e+00 2.262352259108805299e+02 -7.977282737859070494e+00 3.518556875312680400e+16 3.518556875312680800e+16
2.265005748490327449e+02 -5.144769606361962566e+00 2.264996571345972143e+02 -5.145690431913223506e+00 3.518563481341817600e+16 3.518563481341819200e+16
2.221356015288748438e+02 -6.854541015412019433e+00 2.221345171767879378e+02 -6.856258881641950964e+00 3.518559866689990400e+16 3.518559866689990400e+16
2.224267347261134660e+02 -5.975426368421214995e+00 2.224280582553946317e+02 -5.975958100937210915e+00 3.518561669402239200e+16 3.518561669821638000e+16
2.225986357649678098e+02 -6.850267424313932096e+00 2.225966335360530763e+02 -6.850246130198648586e+00 3.518559867528866000e+16 3.518559867528866400e+16
2.224193356784245168e+02 -7.589250699508575337e+00 2.224193560518220067e+02 -7.591298702241003227e+00 3.518558067333608400e+16 3.518558067333608400e+16
2.222808420320571088e+02 -5.667470328501101662e+00 2.222787882312136674e+02 -5.668110393004762493e+00 3.518562270865541600e+16 3.518562270865541600e+16
2.222221697094588535e+02 -5.104695937369535308e+00 2.222237641809303739e+02 -5.103112503791805032e+00 3.518564076512925600e+16 3.518564076512928000e+16
2.228872624246898226e+02 -8.116608746032518695e+00 2.228896212799524505e+02 -8.115706594958115971e+00 3.518556869859766000e+16 3.518556869859766000e+16
2.275639259558766696e+02 -5.869243811740536110e+00 2.275653115444973764e+02 -5.867482168018428368e+00 3.518562279673057600e+16 3.518562279673058000e+16
2.275627977054610653e+02 -5.679292106520094308e+00 2.275615263622833311e+02 -5.679212526402706018e+00 3.518562279673577200e+16 3.518562279673577600e+16
2.278523916523126900e+02 -6.873089164996159184e+00 2.278531233589157239e+02 -6.874105632401152910e+00 3.518559876336851200e+16 3.518559876336851200e+16
2.274151241950964106e+02 -5.955951083463705942e+00 2.274169813533757463e+02 -5.955905211690766698e+00 3.518561677790824000e+16 3.518561677790824000e+16
2.275943911587107209e+02 -6.705518336097727961e+00 2.275935675654630188e+02 -6.706185412518538946e+00 3.518559875917853200e+16 3.518559875917853600e+16
2.272825924642058055e+02 -7.383170251618426327e+00 2.272823286099946927e+02 -7.382502835062092927e+00 3.518558075302777600e+16 3.518558075302777600e+16
2.277928666285479267e+02 -6.546064400266470962e+00 2.277915989239139947e+02 -6.545169189130473519e+00 3.518560476961348400e+16 3.518560476961348800e+16
2.279100117728899022e+02 -6.087791062028399480e+00 2.279102680485860617e+02 -6.086513737166772131e+00 3.518561678629340000e+16 3.518561678629340800e+16
2.278804620298733994e+02 -6.086501489071370230e+00 2.278780377322767094e+02 -6.085313490659298274e+00 3.518561678629344800e+16 3.518561678629354400e+16
2.279227631962921237e+02 -6.044110398029251208e+00 2.279207914114267624e+02 -6.042567088430089939e+00 3.518561678629421200e+16 3.518561678629445600e+16
2.278596168278654090e+02 -6.008304229516288508e+00 2.278599883212275756e+02 -6.006102236424071705e+00 3.518561678629531200e+16 3.518561678629535200e+16
2.279497130796544013e+02 -6.001100759527156825e+00 2.279509114912268615e+02 -6.000732379900829194e+00 3.518561678629542400e+16 3.518561679049033200e+16
2.279437743152284099e+02 -5.992080145432639782e+00 2.279443731412099226e+02 -5.993459923827386682e+00 3.518561678629554000e+16 3.518561678629554000e+16
2.279287256047795154e+02 -5.973981725833160006e+00 2.279292243805564908e+02 -5.973055216196120121e+00 3.518561678629591200e+16 3.518561678629591200e+16
2.238063814244698051e+02 -5.867372256434300049e+00 2.238048532730869056e+02 -5.867377601758978933e+00 3.518562273381592400e+16 3.518562273381592800e+16
2.234186865468976464e+02 -8.592592152647652526e+00 2.234178840144564049e+02 -8.594151031431005450e+00 3.518555673644314400e+16 3.518555673644314400e+16
2.239591946908631428e+02 -7.831794692468193375e+00 2.239610668008927519e+02 -7.831132100940442875e+00 3.518557470484195200e+16 3.518557470484195600e+16
2.237476613994932677e+02 -5.072991451055986367e+00 2.237492826711355178e+02 -5.071641053417646816e+00 3.518564079029571600e+16 3.518564079029571600e+16
2.235195230881509474e+02 -5.746258866284772004e+00 2.235201844346518385e+02 -5.748641649499143469e+00 3.518562272962514800e+16 3.518562272962514800e+16
2.232124277280711055e+02 -7.706982371413998223e+00 2.232129680469003006e+02 -7.707366279370032380e+00 3.518557469226324800e+16 3.518557469226324800e+16
2.235769365714720607e+02 -8.339130092855873144e+00 2.235755873376776321e+02 -8.336848520723327383e+00 3.518556272171526000e+16 3.518556272171526000e+16
2.236429878570514518e+02 -6.723893083582733077e+00 2.236436242659298728e+02 -6.721357431760480061e+00 3.518559869206915200e+16 3.518559869206915600e+16
2.286422009230482217e+02 -5.463837006412695096e+00 2.286402487348123032e+02 -5.462685980329436752e+00 3.518562882814398800e+16 3.518562882814401600e+16
2.289493941202822214e+02 -6.264967969935688608e+00 2.289500508829845558e+02 -6.266986819885932647e+00 3.518561079263463200e+16 3.518561079263463200e+16
2.286631181833692494e+02 -7.296431180741349998e+00 2.286641631898273772e+02 -7.297761768766937607e+00 3.518558677604861600e+16 3.518558677604861600e+16
2.282724268455343406e+02 -5.280573988838389354e+00 2.282713338521083415e+02 -5.278629242081649409e+00 3.518563484277412800e+16 3.518563484277418800e+16
2.279528004579714775e+02 -6.042019051574408550e+00 2.279513051144837164e+02 -6.042746081686240167e+00 3.518561679048928800e+16 3.518561679048928800e+16
2.279755549262262946e+02 -6.031652945223036966e+00 2.279760919548504887e+02 -6.033243754239552281e+00 3.518561679048953600e+16 3.518561679048953600e+16
2.279872163841098995e+02 -5.993835074879252822e+00 2.279888987389074657e+02 -5.991674178020788055e+00 3.518561679049051200e+16 3.518561679049052800e+16
2.279676680363185142e+02 -5.986846968208680231e+00 2.279655155301798288e+02 -5.986216995477015246e+00 3.518561679049068000e+16 3.518561679049068000e+16
2.279546423551982741e+02 -5.936819759969454324e+00 2.279561972037547832e+02 -5.935170439937635933e+00 3.518561679049177200e+16 3.518561679049180800e+16
2.280117993480811549e+02 -5.930230589905564287e+00 2.280109444484336052e+02 -5.931246620715151074e+00 3.518561679049185600e+16 3.518561679049185600e+16
2.283514674047063977e+02 -7.434283843641231293e+00 2.283505756900729295e+02 -7.433188194935541837e+00 3.518558077399941600e+16 3.518558077399941600e+16
2.290362486879170092e+02 -7.378575645604342981e+00 2.290381069568342127e+02 -7.378706821599409160e+00 3.518558078238721600e+16 3.518558078238721600e+16
2.280975975747692246e+02 -5.453596766923136663e+00 2.280971148463425209e+02 -5.455523796814402360e+00 3.518562881975612800e+16 3.518562881975612800e+16
2.240255050186717085e+02 -6.288336149702486999e+00 2.240235300780909711e+02 -6.288794208561216514e+00 3.518561071294280000e+16 3.518561071294280000e+16
2.247919283826244623e+02 -5.441389894157388163e+00 2.247929689742150572e+02 -5.441382654431292210e+00 3.518562876522993600e+16 3.518562876522993600e+16
2.246406571005250896e+02 -9.013015406095796322e+00 2.246387006922295768e+02 -9.013069660878676004e+00 3.518554480784342000e+16 3.518554480784342000e+16
2.246863395019944107e+02 -9.008649073314709099e+00 2.246868551252461543e+02 -9.009214721757464517e+00 3.518554480784352800e+16 3.518554480784353200e+16
2.241648870932786224e+02 -5.713790663306278717e+00 2.241649169804190933e+02 -5.712294882591483436e+00 3.518562273801426000e+16 3.518562273801426000e+16
2.243929104497721028e+02 -8.101584460898491713e+00 2.243915645308254341e+02 -8.102578076029686827e+00 3.518556872376388800e+16 3.518556872376388800e+16
2.239489600644384097e+02 -6.012413242905740418e+00 2.239463933240891436e+02 -6.012801904658068075e+00 3.518561672338077600e+16 3.518561672338079200e+16
2.248542679786207543e+02 -6.058230533004110185e+00 2.248537761043165517e+02 -6.055880046515087933e+00 3.518561673596279600e+16 3.518561673596286800e+16
2.247206012924411027e+02 -6.877979634490584360e+00 2.247213347843747897e+02 -6.875624373100726494e+00 3.518559270680015200e+16 3.518559270680020800e+16
2.246028324803989449e+02 -8.531484678466741300e+00 2.246010863899292076e+02 -8.532829571641267208e+00 3.518555675741623200e+16 3.518555675741623600e+16
2.247137647449787039e+02 -7.789757035384405448e+00 2.247125841836982545e+02 -7.791143222067264951e+00 3.518557471742593600e+16 3.518557471742593600e+16
2.240415313772907382e+02 -6.610541335541945784e+00 2.240412579758521474e+02 -6.611344953760414533e+00 3.518560470669770000e+16 3.518560470669770400e+16
2.241976707474974262e+02 -6.519585325925564057e+00 2.241992773004960497e+02 -6.518433734468208840e+00 3.518560470670041200e+16 3.518560470670041600e+16
2.292680271459182677e+02 -6.571214049446276739e+00 2.292663846982014775e+02 -6.570058221904038653e+00 3.518560479058451600e+16 3.518560479058456000e+16
2.289322400788119580e+02 -5.318394398014913982e+00 2.289349201802718028e+02 -5.318493127812534027e+00 3.518563485535578000e+16 3.518563485535578400e+16
2.293085646460528721e+02 -7.170582073029204473e+00 2.293108649918610524e+02 -7.170319875608091920e+00 3.518558678443854400e+16 3.518558678443855200e+16
2.295749225726882514e+02 -5.089855823815350178e+00 2.295725455861526711e+02 -5.088585222388984697e+00 3.518564088676418000e+16 3.518564088676420000e+16
2.293112004258412924e+02 -5.337398790611140420e+00 2.293121035253523416e+02 -5.335073358055152148e+00 3.518563485954964000e+16 3.518563485954972400e+16
2.298727953584464103e+02 -5.343278627729971753e+00 2.298738976510299210e+02 -5.340921134698338513e+00 3.518563486793779600e+16 3.518563486793782400e+16
2.292203795394805184e+02 -5.815939845213676129e+00 2.292199075457008632e+02 -5.817837025034861220e+00 3.518562282609178000e+16 3.518562282609178400e+16
2.295588831463123540e+02 -6.324095826508926876e+00 2.295571735897813994e+02 -6.322662157221894397e+00 3.518561080521610800e+16 3.518561080521614000e+16
2.204706965827189720e+02 -8.804970020596437408e+00 2.204713838608408025e+02 -8.802753265481531031e+00 3.518555071342332800e+16 3.518555071342333200e+16
2.200952623259862264e+02 -8.420868249634192892e+00 2.200929092501714877e+02 -8.419590627180408404e+00 3.518555668192157600e+16 3.518555668192160800e+16
2.202752017171225987e+02 -6.814816205573168695e+00 2.202767103343035728e+02 -6.815942722489541694e+00 3.518559863754090800e+16 3.518559863754091200e+16
2.201313792787958903e+02 -6.088790024076168095e+00 2.201290094979349590e+02 -6.089203433791245068e+00 3.518561665627017600e+16 3.518561665627017600e+16
2.201713074341838023e+02 -7.679561516608586658e+00 2.201689461902594473e+02 -7.680012050275805358e+00 3.518557464193101600e+16 3.518557464193101600e+16
2.203416555614113008e+02 -7.498714976173024738e+00 2.203432542443105433e+02 -7.496630384468238262e+00 3.518558063978382400e+16 3.518558063978387200e+16
2.201231267790026891e+02 -7.251126345518161820e+00 2.201243768249302093e+02 -7.249291891507345653e+00 3.518558663344432800e+16 3.518558663344433600e+16
2.205378513502788564e+02 -5.660760327077507981e+00 2.205363312604938528e+02 -5.659478972742832958e+00 3.518562267929526400e+16 3.518562267929528000e+16
2.256269004479475484e+02 -8.322033388831064471e+00 2.256244335434650452e+02 -8.320966462877402492e+00 3.518556275527009600e+16 3.518556275527012400e+16
2.255070249507669757e+02 -5.505459327861106367e+00 2.255054603728639790e+02 -5.503652508958994716e+00 3.518562877781105600e+16 3.518562877781105600e+16
2.256187611167447074e+02 -7.546849506670264773e+00 2.256167874485607570e+02 -7.546030352114576623e+00 3.518558072786327200e+16 3.518558072786328400e+16
2.253705557448963361e+02 -6.242951205177928564e+00 2.253703338478658793e+02 -6.241748299316026483e+00 3.518561073391591600e+16 3.518561073391591600e+16
2.215820305705568671e+02 -5.124068092974453315e+00 2.215823011773527185e+02 -5.125508048530394767e+00 3.518564075254582400e+16 3.518563472953160400e+16
2.212781601872210615e+02 -5.683799402979770932e+00 2.212760657985547255e+02 -5.685277040033348328e+00 3.518562269187764800e+16 3.518562269187765200e+16
2.216052699642791595e+02 -8.755064130920047205e+00 2.216057873188823919e+02 -8.754483546093496216e+00 3.518555073020171200e+16 3.518555073020171200e+16
2.211184851215970752e+02 -8.550183974921925056e+00 2.211165065738733517e+02 -8.549401549850450976e+00 3.518555669869520000e+16 3.518555669869520400e+16
2.215684081827118916e+02 -7.221990417083084424e+00 2.215691847295214245e+02 -7.221888949514672973e+00 3.518558665861076800e+16 3.518558665861076800e+16
2.217877839015863515e+02 -5.021391170784881730e+00 2.217863160540325396e+02 -5.020363722847536181e+00 3.518564075674264400e+16 3.518564075674266400e+16
2.219757498817229475e+02 -6.992688060660263716e+00 2.219764712364558363e+02 -6.991036017890776222e+00 3.518559266065920400e+16 3.518559266065920400e+16
2.210763512675393656e+02 -5.669674293740024851e+00 2.210781467796751372e+02 -5.669246588763068750e+00 3.518562268768325200e+16 3.518562268768325600e+16
