3.068862009355142959e+02 -5.725394685566600472e+00 3.068878867662597258e+02 -5.724309066325050210e+00 3.518562412213479200e+16 3.518562412213479200e+16
3.075602545070617566e+02 -6.217304881789841531e+00 3.075592929370841944e+02 -6.215486301723501583e+00 3.518561210545405200e+16 3.518561210545407200e+16
3.070378372301145191e+02 -5.632996356417912409e+00 3.070371397868474901e+02 -5.634291443853112646e+00 3.518562412633222800e+16 3.518562412633222800e+16
3.088306267583002978e+02 -5.163184620779508904e+00 3.088305462061267121e+02 -5.165269752024411076e+00 3.518563618914993200e+16 3.518563618914994000e+16
3.142422135256995830e+02 -1.106213000236210692e-02 3.142435950321648761e+02 -1.119301246750512707e-02 3.518576302070494800e+16 3.518576302070495200e+16
3.144451630154712802e+02 -2.835780884780929045e-01 3.144447233542172171e+02 -2.827227225914638042e-01 3.518575698510057600e+16 3.518575698510057600e+16
3.107180167321465660e+02 -1.725282229627199237e+00 3.107161289340438657e+02 -1.724421350554349974e+00 3.518572068340187200e+16 3.518572068340189600e+16
3.107396080920229906e+02 -1.721006614909561749e+00 3.107390107241325836e+02 -1.718705113396532314e+00 3.518572068340240400e+16 3.518572068340245600e+16
3.106159932526445573e+02 -2.871142700346749344e+00 3.106168646116927334e+02 -2.868575831013393529e+00 3.518569652420628000e+16 3.518569652420628000e+16
3.106062042344295264e+02 -2.940329444939725256e+00 3.106072183143933785e+02 -2.939210731714193336e+00 3.518569048441416000e+16 3.518569048441416000e+16
3.106418237861942657e+02 -2.898962021413834300e+00 3.106399604660999785e+02 -2.900074051045955059e+00 3.518569048441494000e+16 3.518569048441494400e+16
3.103263467457315983e+02 -2.619728165772851058e-01 3.103278150740350725e+02 -2.622656039831333108e-01 3.518575691799276800e+16 3.518575691799277200e+16
3.105068185435346209e+02 -3.518970025115669031e+00 3.105046078784815222e+02 -3.517828606194230989e+00 3.518567841320459200e+16 3.518567841320459200e+16
3.108535229237102726e+02 -2.987877587173105365e+00 3.108562248155761267e+02 -2.988358908533994107e+00 3.518569048860645600e+16 3.518569048860646000e+16
3.101136990488143397e+02 -3.920808991168671209e+00 3.101152662919899967e+02 -3.921654741978476633e+00 3.518566634200069200e+16 3.518566634200069600e+16
3.107151982050554579e+02 -1.930547895686774318e+00 3.107139898283941761e+02 -1.931754511822064257e+00 3.518571464360556800e+16 3.518571464360557200e+16
3.107444075806112664e+02 -1.906456901117791203e+00 3.107437279756769613e+02 -1.908087903427659882e+00 3.518571464360639200e+16 3.518571464360639200e+16
3.100788655788393839e+02 -2.772259081148125137e+00 3.100798281701758015e+02 -2.770194705674679181e+00 3.518569651582060000e+16 3.518569651582060400e+16
3.107980700444463196e+02 -1.426669787919052856e+00 3.107982385538283552e+02 -1.425598540579511520e+00 3.518572672739599600e+16 3.518572672739600000e+16
3.116330896575236125e+02 -1.719457532201246419e+00 3.116355661761769511e+02 -1.718511701315611262e+00 3.518572070017936400e+16 3.518572070017936400e+16
3.117806566147365857e+02 -9.710185325785735122e-01 3.117832028419002768e+02 -9.709467671820752876e-01 3.518573882376604800e+16 3.518573882376605600e+16
3.117806566147365857e+02 -9.710185325785735122e-01 3.117815174865262406e+02 -9.724861109142320936e-01 3.518573882376604800e+16 3.518573882376605600e+16
3.117832028419002768e+02 -9.709467671820752876e-01 3.117815174865262406e+02 -9.724861109142320936e-01 3.518573882376605600e+16 3.518573882376605600e+16
3.117526570755705961e+02 -9.252764710958156780e-01 3.117506426501753936e+02 -9.235471106925934315e-01 3.518573882376723200e+16 3.518573882376731600e+16
3.118137820472948647e+02 -9.044974292226725110e-01 3.118145891451810030e+02 -9.024476862188759441e-01 3.518573882376771200e+16 3.518573882376772000e+16
3.116012555877859995e+02 -2.183589162845514520e-01 3.115989366301154178e+02 -2.197319628818850401e-01 3.518575693896482000e+16 3.518575693896552800e+16
3.113575061042740799e+02 -1.967072564175599503e+00 3.113581447736335122e+02 -1.966274912308328959e+00 3.518571465618736000e+16 3.518571465618736400e+16
3.118431232663792798e+02 -2.508553212787213216e+00 3.118411073820481647e+02 -2.509136627215077908e+00 3.518570258497943200e+16 3.518570258497943200e+16
3.115830610583241196e+02 -8.642139858227346760e-01 3.115852874575761007e+02 -8.646597596999577862e-01 3.518574485936540800e+16 3.518574485936540800e+16
3.116570007013343684e+02 -8.720421726271361251e-01 3.116554223027383159e+02 -8.731638699568853301e-01 3.518574485936543600e+16 3.518574485936544000e+16
3.116529609166758519e+02 -8.731417068936784265e-01 3.116554223027383159e+02 -8.731638699568853301e-01 3.518574485936544000e+16 3.518574485936544000e+16
3.116529609166758519e+02 -8.731417068936784265e-01 3.116514314834573156e+02 -8.745859187948562541e-01 3.518574485936544000e+16 3.518574485936544000e+16
3.116780646718612502e+02 -8.718032495112788549e-01 3.116806525842102928e+02 -8.722945597777983506e-01 3.518574485936549600e+16 3.518574485936550800e+16
3.116806525842102928e+02 -8.722945597777983506e-01 3.116822468435862561e+02 -8.703198624764155733e-01 3.518574485936550800e+16 3.518574485936550800e+16
3.116669695519684069e+02 -8.668816753403819630e-01 3.116679582259366725e+02 -8.646979282531921385e-01 3.518574485936566000e+16 3.518574485936566400e+16
3.116679582259366725e+02 -8.646979282531921385e-01 3.116677130568015741e+02 -8.632661504219006909e-01 3.518574485936566400e+16 3.518574485936566400e+16
3.115747921082614766e+02 -8.605339672078061719e-01 3.115737186145699411e+02 -8.601105506163410075e-01 3.518574485936599600e+16 3.518574485936600400e+16
3.116447368363308215e+02 -8.636598698885484815e-01 3.116449676070523083e+02 -8.623441115286772929e-01 3.518574485936604000e+16 3.518574485936604000e+16
3.116604413760111356e+02 -8.635075211075882162e-01 3.116623350438173929e+02 -8.615404562537520849e-01 3.518574485936605200e+16 3.518574485936607200e+16
3.116644845072529506e+02 -8.618188426360693377e-01 3.116623350438173929e+02 -8.615404562537520849e-01 3.518574485936606800e+16 3.518574485936607200e+16
3.115826555011983601e+02 -8.558462871340196676e-01 3.115848349762079010e+02 -8.548664460219554950e-01 3.518574485936620000e+16 3.518574485936620000e+16
3.115871466392004550e+02 -8.546771343332045801e-01 3.115848349762079010e+02 -8.548664460219554950e-01 3.518574485936620000e+16 3.518574485936620000e+16
3.116171726137900464e+02 -8.530045392607473742e-01 3.116175191050850231e+02 -8.552019507671715370e-01 3.518574485936621600e+16 3.518574485936622000e+16
3.115942619123955524e+02 -8.511138184886991587e-01 3.115921651088930275e+02 -8.514287122628182436e-01 3.518574485936630400e+16 3.518574485936632400e+16
3.116473522014314312e+02 -8.455189017741984170e-01 3.116481963807189572e+02 -8.475176952306182621e-01 3.518574485936648000e+16 3.518574485936648000e+16
3.116473522014314312e+02 -8.455189017741984170e-01 3.116452430258852360e+02 -8.440736824353833878e-01 3.518574485936648000e+16 3.518574485936655600e+16
3.116243862518489323e+02 -8.449954910280712550e-01 3.116242581960904658e+02 -8.467921727910737717e-01 3.518574485936649600e+16 3.518574485936650000e+16
3.116114641395280955e+02 -8.335869381433725911e-01 3.116131450698569552e+02 -8.319932143250232670e-01 3.518574485936671600e+16 3.518574485936671600e+16
3.116343082671689899e+02 -8.285911577020780294e-01 3.116337483612069263e+02 -8.268195679636743955e-01 3.518574485936680800e+16 3.518574485936680800e+16
3.116240659172652272e+02 -8.166422992394116731e-01 3.116237716149296944e+02 -8.190302621530998195e-01 3.518574485936695200e+16 3.518574485936695600e+16
3.117063164956404648e+02 -8.106668139469280776e-01 3.117050904001744129e+02 -8.118672480162629768e-01 3.518574485936710800e+16 3.518574485936711200e+16
3.119971424688629327e+02 -3.853632593512056337e-01 3.119978896980194349e+02 -3.836033661450824472e-01 3.518575090336480000e+16 3.518575090336481200e+16
3.110575228051554291e+02 -6.252943261967638389e-01 3.110556754683714757e+02 -6.237561232569046599e-01 3.518574485098453200e+16 3.518575089077475200e+16
3.118907009839014108e+02 -1.724000340559599831e+00 3.118899562676239725e+02 -1.722185743699764293e+00 3.518572070437346400e+16 3.518572070437347200e+16
3.115986383644105899e+02 -2.861893108573380307e+00 3.115983338870971693e+02 -2.862468301038589846e+00 3.518569654098372000e+16 3.518569654098372000e+16
3.115367275541315735e+02 -1.114983609932025388e+00 3.115341517648226954e+02 -1.115224559236302149e+00 3.518573881956775200e+16 3.518573881956775200e+16
3.116401558665368725e+02 -9.825475088590781558e-01 3.116415514821866850e+02 -9.822534889730314411e-01 3.518573881957171600e+16 3.518573881957172000e+16
3.116028365588367706e+02 -9.603533494236056178e-01 3.116049026501144681e+02 -9.619338486309260139e-01 3.518573881957220800e+16 3.518573881957222400e+16
3.116883602734578176e+02 -9.539277824778773507e-01 3.116907247958393441e+02 -9.538984749092990212e-01 3.518573881957237600e+16 3.518573881957237600e+16
3.117331342764896362e+02 -9.549156913808458658e-01 3.117343816249593260e+02 -9.526251832919625517e-01 3.518573881957241200e+16 3.518573881957251600e+16
3.116779350149010952e+02 -9.466183862174201158e-01 3.116799953364325120e+02 -9.468194097277559118e-01 3.518573881957256000e+16 3.518573881957256000e+16
3.116799953364325120e+02 -9.468194097277559118e-01 3.116814149958177609e+02 -9.476638866713804621e-01 3.518573881957256000e+16 3.518573881957256800e+16
3.116234001841089025e+02 -9.400143668575021705e-01 3.116217198045033001e+02 -9.403787080374881313e-01 3.518573881957289600e+16 3.518573881957289600e+16
3.116844284820118673e+02 -9.246685720204900205e-01 3.116835898008994263e+02 -9.225047356686261191e-01 3.518573881957290400e+16 3.518573881957332000e+16
3.116958068184126773e+02 -9.368794861210621994e-01 3.116961574615943960e+02 -9.341939457552547177e-01 3.518573881957295200e+16 3.518573881957304800e+16
3.116081170496088930e+02 -9.374662667245141634e-01 3.116067117326570610e+02 -9.385301450855759731e-01 3.518573881957295600e+16 3.518573881957295600e+16
3.116793697514198129e+02 -9.269409261796581756e-01 3.116812239915733471e+02 -9.251463380754427757e-01 3.518573881957306400e+16 3.518573881957325600e+16
3.116444624197280859e+02 -9.325344103668482543e-01 3.116442829245898452e+02 -9.302156397791874198e-01 3.518573881957309200e+16 3.518573881957315200e+16
3.116602723204096606e+02 -9.312808210423877409e-01 3.116619240420919255e+02 -9.318494686071618904e-01 3.518573881957310400e+16 3.518573881957310800e+16
3.115551737742994760e+02 -9.234512107217903720e-01 3.115577248351962112e+02 -9.233464018016734887e-01 3.518573881957319600e+16 3.518573881957329200e+16
3.116615130206862432e+02 -9.277097710615402892e-01 3.116620284948744484e+02 -9.257386394037551147e-01 3.518573881957320000e+16 3.518573881957320400e+16
3.117214911090771920e+02 -9.234706500529161755e-01 3.117192181711700982e+02 -9.241837684251761331e-01 3.518573881957325600e+16 3.518573881957325600e+16
3.116675188644114769e+02 -9.196733498310042387e-01 3.116656704137959082e+02 -9.213689453635464099e-01 3.518573881957337200e+16 3.518573881957362800e+16
3.116766500597111644e+02 -9.123380796602059695e-01 3.116779209847809398e+02 -9.105301701771972844e-01 3.518573881957339600e+16 3.518573881957359200e+16
3.116173086948432456e+02 -9.139735173990800599e-01 3.116160599916839828e+02 -9.143222192030852069e-01 3.518573881957379200e+16 3.518573881957379200e+16
3.116125663972579218e+02 -9.129166710627413250e-01 3.116111063020610459e+02 -9.108029137780354612e-01 3.518573881957379600e+16 3.518573881957385600e+16
3.117062292927942053e+02 -9.054036148897356417e-01 3.117074460127110456e+02 -9.056570493667360777e-01 3.518573881957403200e+16 3.518573881957403200e+16
3.117091731399929131e+02 -9.052948129991954529e-01 3.117074460127110456e+02 -9.056570493667360777e-01 3.518573881957403200e+16 3.518573881957403200e+16
3.116941864313895394e+02 -8.952790102148482365e-01 3.116944465508558437e+02 -8.937433488285345673e-01 3.518573881957418000e+16 3.518573881957418000e+16
3.116825479909510932e+02 -8.928660802873782387e-01 3.116850239282364328e+02 -8.931058279721414417e-01 3.518573881957418400e+16 3.518573881957418800e+16
3.116825479909510932e+02 -8.928660802873782387e-01 3.116839502160813709e+02 -8.931670512792146965e-01 3.518573881957418400e+16 3.518573881957418800e+16
3.116850239282364328e+02 -8.931058279721414417e-01 3.116839502160813709e+02 -8.931670512792146965e-01 3.518573881957418800e+16 3.518573881957418800e+16
3.116784332434125417e+02 -8.888732873998638206e-01 3.116780957673730086e+02 -8.874042291832422436e-01 3.518573881957430800e+16 3.518573881957431200e+16
3.116861122482586097e+02 -8.859851241191132321e-01 3.116877790241949810e+02 -8.865148389332023759e-01 3.518573881957434800e+16 3.518573881957434800e+16
3.116252219001704020e+02 -8.800783009993533579e-01 3.116252294738323485e+02 -8.818663781308286875e-01 3.518573881957448000e+16 3.518573881957448000e+16
3.113914392881944195e+02 -1.627417408026750945e+00 3.113890880174481026e+02 -1.627418707688745414e+00 3.518572069598775600e+16 3.518572069598776400e+16
3.112614030785301793e+02 -1.128366785940483119e+00 3.112639190432951750e+02 -1.128594350653193690e+00 3.518573277558338000e+16 3.518573277558338400e+16
3.124832098732807140e+02 -2.835096306679434908e-01 3.124819502221156426e+02 -2.818568845686307833e-01 3.518575695154639600e+16 3.518575695154640400e+16
3.129371987093016969e+02 -1.225084520098871144e+00 3.129381380948764217e+02 -1.225155406441452044e+00 3.518573280074540400e+16 3.518573280074540800e+16
3.121456594207327839e+02 -1.324098369881427040e+00 3.121432363571543078e+02 -1.323866429136237644e+00 3.518573278816020000e+16 3.518573278816020000e+16
3.123262530883868635e+02 -4.816521915764260808e-01 3.123276351600338785e+02 -4.812379738568452470e-01 3.518575091174790400e+16 3.518575091174795200e+16
3.120856175918514737e+02 -1.208392708566287110e-01 3.120830559108604803e+02 -1.206852698658965328e-01 3.518576298714751600e+16 3.518576298714753200e+16
3.122442609360556958e+02 -5.946261614527490469e-01 3.122418143773114707e+02 -5.936071735503619662e-01 3.518575090755297600e+16 3.518575090755297600e+16
3.122317729508895923e+02 -5.886492450261084919e-01 3.122336867233550493e+02 -5.867688779436119884e-01 3.518575090755312800e+16 3.518575090755312800e+16
3.122352548160657193e+02 -5.087187559160716299e-01 3.122343173470781039e+02 -5.092915195966515318e-01 3.518575090755507200e+16 3.518575090755507200e+16
3.122857351922805833e+02 -1.650924379141447851e+00 3.122844760854511605e+02 -1.651587866540068728e+00 3.518572071276386400e+16 3.518572071276386800e+16
3.130790950412479674e+02 -9.843978906774236703e-01 3.130784465756055965e+02 -9.866374000364391827e-01 3.518573884473722400e+16 3.518573884473722800e+16
3.139303717064113926e+02 -4.279387650552596289e-01 3.139282243775443249e+02 -4.290875324855040751e-01 3.518575093691708800e+16 3.518575093691708800e+16
3.083237530957748049e+02 5.203625643880094742e+00 3.083243961226948500e+02 5.206268875968953935e+00 3.518588965093679200e+16 3.518588965093701600e+16
3.083972496653187818e+02 5.590854252013370385e+00 3.083988571497239946e+02 5.590915430285464005e+00 3.518589566976789600e+16 3.518589566976789600e+16
3.096249140019155561e+02 -3.401694540861527560e+00 3.096225050642811425e+02 -3.400694766786530820e+00 3.518567839643100400e+16 3.518567839643101600e+16
3.091058770426906790e+02 -9.729388005007637563e-01 3.091080853776495019e+02 -9.715128872062118726e-01 3.518573877762999200e+16 3.518573877763016400e+16
3.094797702184176273e+02 -4.266057579687196011e+00 3.094771525464163346e+02 -4.265371851643502410e+00 3.518566030220011200e+16 3.518566030220012000e+16
3.090489988188423922e+02 -2.851797570328050924e+00 3.090503825623130751e+02 -2.850698065241223489e+00 3.518569649904095600e+16 3.518569649904096800e+16
3.092011911882130448e+02 -2.640729406762500453e+00 3.092020788665910231e+02 -2.640683093561942307e+00 3.518569649904764800e+16 3.518569649904764800e+16
3.093423330833440446e+02 -9.538371651134712748e-01 3.093398267273211104e+02 -9.534744169173708928e-01 3.518573878182465200e+16 3.518573878182466000e+16
3.098693804493810831e+02 -1.346355178729875313e+00 3.098679804013528951e+02 -1.347663672690655234e+00 3.518573275041032800e+16 3.518573275041056400e+16
3.097980904733105945e+02 -1.302871867170737996e+00 3.097973937241685007e+02 -1.303362786129906414e+00 3.518573275041207600e+16 3.518573275041208000e+16
3.092842073439135220e+02 -2.595929540422269088e+00 3.092843448720085462e+02 -2.594460472035899468e+00 3.518570254303360000e+16 3.518570254303360000e+16
3.092971623567681831e+02 -2.523499598215161122e+00 3.092975331216775317e+02 -2.520923070625529672e+00 3.518570254303568400e+16 3.518570254303568400e+16
3.090005665504141348e+02 -1.588424964825934982e+00 3.090008086944980050e+02 -1.586312557002677703e+00 3.518572669803049600e+16 3.518572669803050000e+16
3.074325482688058742e+02 -2.320865922386227354e+00 3.074331514974023776e+02 -2.318868446370540681e+00 3.518570854927750000e+16 3.518570854927778000e+16
3.079756529925105610e+02 -1.828102381480203764e+00 3.079775698039239273e+02 -1.827288901855292469e+00 3.518572063726147200e+16 3.518572063726147200e+16
3.071620591661184676e+02 -2.876751483655782593e+00 3.071642675181532240e+02 -2.878320844138916978e+00 3.518569042569584400e+16 3.518569042569623200e+16
3.075203370896269348e+02 -4.845626781836232411e+00 3.075210313216657028e+02 -4.847877804585994710e+00 3.518564821421328000e+16 3.518564821421344000e+16
3.075854981965753723e+02 -4.806295501723743868e+00 3.075833318638219680e+02 -4.805923747291039660e+00 3.518564821421458400e+16 3.518564821421458400e+16
3.075541584126420958e+02 -4.795280310114230282e+00 3.075521082816591161e+02 -4.795536911278856174e+00 3.518564821421471600e+16 3.518564821421472000e+16
3.074992078987568789e+02 -4.751349885103891779e+00 3.075012676093781465e+02 -4.750594742287222338e+00 3.518564821421528800e+16 3.518564821421529200e+16
3.075336604713185693e+02 -4.788875135573554154e+00 3.075325776939854450e+02 -4.788385834658359208e+00 3.518564821421568000e+16 3.518564821421568000e+16
3.075227134771928377e+02 -4.777459352894838140e+00 3.075212723040654623e+02 -4.776921041619775821e+00 3.518564821421592000e+16 3.518564821421592000e+16
3.075100358658741015e+02 -4.714384513321681069e+00 3.075075863180529723e+02 -4.713218689845573905e+00 3.518564821421713600e+16 3.518564821421728400e+16
3.075051120385331842e+02 -4.713040235712246506e+00 3.075075863180529723e+02 -4.713218689845573905e+00 3.518564821421726400e+16 3.518564821421728400e+16
3.076040912385728348e+02 -4.708923901405710488e+00 3.076021034528185965e+02 -4.707140139780400467e+00 3.518564821421740000e+16 3.518564821421742000e+16
3.075242429092178327e+02 -4.705235198945357133e+00 3.075224233481432066e+02 -4.704731034369943110e+00 3.518564821421746400e+16 3.518564821421746800e+16
3.075524089727717865e+02 -4.701113978966679596e+00 3.075515238372082649e+02 -4.702233658158545104e+00 3.518564821421747200e+16 3.518564821421748400e+16
3.075921483931095395e+02 -4.703536798424982734e+00 3.075907159283170245e+02 -4.701560067845801605e+00 3.518564821421756000e+16 3.518564821421760800e+16
3.075854987476468523e+02 -4.701679731896289738e+00 3.075846065633193689e+02 -4.699156299032543949e+00 3.518564821421756800e+16 3.518564821421766400e+16
3.074483874918623769e+02 -2.962266029880999074e+00 3.074504156262006518e+02 -2.962471420925921528e+00 3.518569042989012800e+16 3.518569042989012800e+16
3.076313168525485935e+02 -4.825038752152136290e+00 3.076289409544702380e+02 -4.824576001173721096e+00 3.518564821840843200e+16 3.518564821840843200e+16
3.076159927611361695e+02 -4.819625728012196575e+00 3.076139232309649856e+02 -4.819085770561081006e+00 3.518564821840859200e+16 3.518564821840859600e+16
3.076492489447054481e+02 -4.800427347021494207e+00 3.076478622119831243e+02 -4.799185254535148992e+00 3.518564821840914800e+16 3.518564821840914800e+16
3.076524029078223634e+02 -4.797522483995408926e+00 3.076526860138519055e+02 -4.799077749782745705e+00 3.518564821840927200e+16 3.518564821840927600e+16
3.076253355792809998e+02 -4.762361173873910225e+00 3.076257238746520670e+02 -4.759800701485171537e+00 3.518564821841048800e+16 3.518564821841048800e+16
3.076872547420034039e+02 -4.742065990658268504e+00 3.076865252384642986e+02 -4.744020662237229402e+00 3.518564821841094800e+16 3.518564821841094800e+16
3.076606888131036612e+02 -4.730667225661090214e+00 3.076592385287005982e+02 -4.731605134061165785e+00 3.518564821841128800e+16 3.518564821841128800e+16
3.076873833902035358e+02 -4.721212670353362562e+00 3.076889029137157081e+02 -4.720025136108385588e+00 3.518564821841174000e+16 3.518564821841174400e+16
3.071058647270706956e+02 -2.828672947240200575e+00 3.071052042121267505e+02 -2.830005875170707341e+00 3.518569646548748400e+16 3.518569646548748800e+16
3.071048056774540669e+02 -2.726761122768813994e+00 3.071054925732532865e+02 -2.724433661793011829e+00 3.518569646549075200e+16 3.518569646549076800e+16
3.071914092653851753e+02 -2.699506550501196589e+00 3.071907803198764100e+02 -2.701412309564517500e+00 3.518569646549199200e+16 3.518569646549199200e+16
3.070882841336035654e+02 -2.696172550942903978e+00 3.070898139855449358e+02 -2.697701448159950832e+00 3.518569646549210000e+16 3.518569646549210400e+16
3.070882841336035654e+02 -2.696172550942903978e+00 3.070856322058305636e+02 -2.696781913051280455e+00 3.518569646549210000e+16 3.518569646549212800e+16
3.086105919015489008e+02 -5.944266168970000486e-01 3.086115091926910736e+02 -5.919984622956085962e-01 3.518575084883233600e+16 3.518575084883254800e+16
3.084564178516840229e+02 -1.182671852910142984e+00 3.084555670791319244e+02 -1.180377432860633791e+00 3.518573272524987600e+16 3.518573272524988000e+16
3.080684021334130875e+02 -2.436220555221726869e+00 3.080679290208685757e+02 -2.436344972296506928e+00 3.518570252206688000e+16 3.518570252206688000e+16
3.086999055907471643e+02 -1.949560555781302940e+00 3.086987036798513486e+02 -1.948767547233207553e+00 3.518571461005013200e+16 3.518571461005018000e+16
3.088514156311613874e+02 -3.232947436391146123e+00 3.088537811291507182e+02 -3.233223982472769098e+00 3.518568441525533600e+16 3.518568441525533600e+16
3.088903860708750244e+02 -3.160341464721268867e+00 3.088892420529763854e+02 -3.159157377327229899e+00 3.518568441525794400e+16 3.518568441525794800e+16
3.087356286813985662e+02 -2.728879745776244370e+00 3.087371665301460553e+02 -2.727953874149342095e+00 3.518569649065652800e+16 3.518569649065653200e+16
3.087251062535814299e+02 -2.681782067315247708e+00 3.087234066971220159e+02 -2.682114844571058310e+00 3.518569649065773200e+16 3.518569649065773600e+16
3.089816567463830097e+02 -1.616132132345016847e+00 3.089828890280337532e+02 -1.618386449722498677e+00 3.518572669383535600e+16 3.518572669383536000e+16
3.089828890280337532e+02 -1.618386449722498677e+00 3.089839415848325075e+02 -1.620444867021672231e+00 3.518572669383536000e+16 3.518572669383536000e+16
3.088150560391410409e+02 -1.523813584487619499e+00 3.088153255450005190e+02 -1.521364367818009988e+00 3.518572669383822000e+16 3.518572669383822400e+16
3.080296022362242070e+02 -3.591607317452253589e+00 3.080285576440267619e+02 -3.593476450476657202e+00 3.518567837125944400e+16 3.518567837125945200e+16
3.087539030836425127e+02 -2.016021684827220106e+00 3.087526269105644019e+02 -2.015265688076889106e+00 3.518571461424303200e+16 3.518571461424303200e+16
3.086979289176259726e+02 -2.395080661046423920e+00 3.086969033042283854e+02 -2.392842843664646946e+00 3.518570253045620400e+16 3.518570253045621200e+16
3.086051911036199726e+02 -1.341403153722667163e+00 3.086031814316185091e+02 -1.342606418327530582e+00 3.518573272943935200e+16 3.518573272943935200e+16
3.086268290745909439e+02 -2.890812847345457515e-01 3.086291992518424081e+02 -2.901357929615807074e-01 3.518575688863236800e+16 3.518575688863237200e+16
3.079314437595223808e+02 -4.131761147676648704e+00 3.079303280658353401e+02 -4.129787075593663204e+00 3.518566027703858400e+16 3.518566027703858800e+16
3.089732970669984411e+02 -1.627519121735245600e+00 3.089708560586857402e+02 -1.627690871075438084e+00 3.518572065404511600e+16 3.518572065404514400e+16
3.089708560586857402e+02 -1.627690871075438084e+00 3.089706586143115601e+02 -1.625566748067513334e+00 3.518572065404514400e+16 3.518572065404514400e+16
3.089812824957926409e+02 -5.481429605344999567e-01 3.089834766792763503e+02 -5.470695938744536413e-01 3.518575085302858800e+16 3.518575085302864800e+16
3.089874487685538043e+02 -4.816429526832750052e-01 3.089893577145480776e+02 -4.814967211180195550e-01 3.518575085303034000e+16 3.518575085303035200e+16
3.081533948252938444e+02 -1.021977897163762306e+00 3.081508186627858095e+02 -1.021318992954170168e+00 3.518573876085040800e+16 3.518573876085049200e+16
3.086019872329152918e+02 -3.389251601318997498e+00 3.086042637872990895e+02 -3.389337490842696088e+00 3.518567837965476400e+16 3.518567837965481600e+16
3.086079624923634697e+02 -3.378599388042746732e+00 3.086056318310294273e+02 -3.377813020680941580e+00 3.518567837965570400e+16 3.518567837965573600e+16
3.082595316920410369e+02 -2.935244387321727655e-01 3.082605405977188298e+02 -2.948911916832838154e-01 3.518575688443739600e+16 3.518575688443740800e+16
3.142819144887703828e+02 3.344822969148366631e-01 3.142799294574978148e+02 3.346766190360294657e-01 3.518576906469952000e+16 3.518576906469952400e+16
3.102456532349183362e+02 1.109004396738257681e+00 3.102462645573302211e+02 1.111185092463194968e+00 3.518578711279213600e+16 3.518578711279213600e+16
3.102016238574673253e+02 1.145838382080646367e+00 3.102017060365661791e+02 1.143647026801389410e+00 3.518579315258221200e+16 3.518579315258221600e+16
3.102468279385414007e+02 1.157337091960520148e+00 3.102463366181916626e+02 1.154993704574068802e+00 3.518579315258320800e+16 3.518579315258321600e+16
3.101726621719757304e+02 1.177298322255425633e+00 3.101740527313971825e+02 1.179447372684588879e+00 3.518579315258376800e+16 3.518579315258389200e+16
3.101769277517888668e+02 1.193325325577206941e+00 3.101774943746604549e+02 1.195840480266405770e+00 3.518579315258406400e+16 3.518579315258410400e+16
3.102047486927979776e+02 1.233429315175847307e+00 3.102068124615281022e+02 1.234560357317654011e+00 3.518579315258508000e+16 3.518579315258516000e+16
3.102130368297766836e+02 1.235554598147986960e+00 3.102139800503802576e+02 1.234638208651706259e+00 3.518579315258516800e+16 3.518579315258517200e+16
3.102105362608669452e+02 1.248912602743672551e+00 3.102126033396143612e+02 1.247858991656027650e+00 3.518579315258552800e+16 3.518579315258553200e+16
3.100717992809480847e+02 1.341422012522760943e+00 3.100728063517562987e+02 1.341005534624205797e+00 3.518579315258883600e+16 3.518579315258884000e+16
3.106218555769493719e+02 2.096521475805661172e+00 3.106203069726935837e+02 2.096802873094594677e+00 3.518581128037033600e+16 3.518581128037035200e+16
3.103826803666160004e+02 4.863779198793005687e-01 3.103837698071779414e+02 4.865193435894729079e-01 3.518577503738646400e+16 3.518577503738646800e+16
3.104204473652644651e+02 5.172435837447612039e-01 3.104179260506276705e+02 5.162506629358527555e-01 3.518577503738748000e+16 3.518577503738748000e+16
3.103219087469450415e+02 1.935920518322327144e+00 3.103223501721715252e+02 1.938266871064235009e+00 3.518581127617119200e+16 3.518581127617120000e+16
3.104574658850986566e+02 2.105582767226769292e+00 3.104590156362745574e+02 2.106374014228112213e+00 3.518581127617708000e+16 3.518581127617708000e+16
3.107351096037607476e+02 2.264156373346326578e+00 3.107352367830771414e+02 2.266346286311491820e+00 3.518581732016628800e+16 3.518581732016628800e+16
3.101814672481436901e+02 5.323187990086408750e-01 3.101796813245950943e+02 5.316659396226401935e-01 3.518577503319398800e+16 3.518577503319400400e+16
3.103639649620612886e+02 2.419184480767468060e+00 3.103657109980157998e+02 2.419558222373798362e+00 3.518582335576479200e+16 3.518582335576488800e+16
3.109097574145719136e+02 1.560031956049097390e+00 3.109088947855284459e+02 1.560735252683922436e+00 3.518579920496846000e+16 3.518579920496846400e+16
3.107672074702758778e+02 4.373949294185229264e-01 3.107672902527243082e+02 4.347183998414074768e-01 3.518577504577405200e+16 3.518577504577405200e+16
3.104943854380928201e+02 1.549967474148808533e+00 3.104938850060089521e+02 1.551240940515349553e+00 3.518579919657906400e+16 3.518579919657906400e+16
3.102924625865324515e+02 3.319523497725846983e+00 3.102941240747290408e+02 3.319873005464262228e+00 3.518584146677614000e+16 3.518584146677615200e+16
3.103630804121636970e+02 3.342656924953537612e+00 3.103620019295981933e+02 3.341894686922711966e+00 3.518584146677745200e+16 3.518584146677745200e+16
3.102708558190662984e+02 1.213104218354233321e+00 3.102696794525346604e+02 1.213269497284246379e+00 3.518579315677881600e+16 3.518579315677881600e+16
3.102528310203209685e+02 1.255642054376434835e+00 3.102524147810797217e+02 1.256625137923795821e+00 3.518579315678016000e+16 3.518579315678016400e+16
3.102790738259879504e+02 1.286517669719177803e+00 3.102806334933782182e+02 1.287699507460533965e+00 3.518579315678089600e+16 3.518579315678090000e+16
3.114922507422879789e+02 2.546476560277156853e+00 3.114903805814416273e+02 2.547333808669009603e+00 3.518582337254740000e+16 3.518582337254749600e+16
3.113459986896205578e+02 2.130143015168925569e+00 3.113445442519424091e+02 2.131493122712095900e+00 3.518581733274464800e+16 3.518581733274464800e+16
3.117569401208144768e+02 2.393750965777239337e+00 3.117560955625122006e+02 2.393248967924023862e+00 3.518582338093118000e+16 3.518582338093118800e+16
3.117862768549008479e+02 2.417838501116915673e+00 3.117885407448154069e+02 2.417017588773302084e+00 3.518582338093198400e+16 3.518582338093199600e+16
3.117912262692574359e+02 2.425705253690014107e+00 3.117907906626795693e+02 2.424757893106173068e+00 3.518582338093208800e+16 3.518582338093210000e+16
3.117684996222427003e+02 2.423141053396682398e+00 3.117658344846845466e+02 2.423765002893359277e+00 3.518582338093214400e+16 3.518582338093214400e+16
3.117860188926498495e+02 2.442729302891706755e+00 3.117873750619016846e+02 2.443608438459123011e+00 3.518582338093266800e+16 3.518582338093266800e+16
3.117617919852873456e+02 2.443964583232287602e+00 3.117607130920009126e+02 2.444676981754466905e+00 3.518582338093268800e+16 3.518582338093268800e+16
3.117772156415720701e+02 2.454451200669221844e+00 3.117785547434204432e+02 2.456360432548463812e+00 3.518582338093297200e+16 3.518582338093302800e+16
3.117530223494633219e+02 2.474228495200462064e+00 3.117549486401040895e+02 2.475563732179238308e+00 3.518582338093353200e+16 3.518582338093358400e+16
3.117717611813104099e+02 2.478661698729211604e+00 3.117715159595774708e+02 2.477312462034506169e+00 3.518582338093356000e+16 3.518582338093356800e+16
3.116288988883003981e+02 6.520417996905532032e-01 3.116265730624798493e+02 6.530007474593173544e-01 3.518578109815280800e+16 3.518578109815283600e+16
3.117395712420592986e+02 2.370365108872244608e+00 3.117376532580609592e+02 2.369265507933251413e+00 3.518581733694567200e+16 3.518581733694568000e+16
3.116658016388853412e+02 2.371780821343794532e+00 3.116683591879893243e+02 2.372386347447281718e+00 3.518581733694571200e+16 3.518581733694571200e+16
3.116658016388853412e+02 2.371780821343794532e+00 3.116674988328695690e+02 2.371656824715953071e+00 3.518581733694571200e+16 3.518581733694571600e+16
3.116683591879893243e+02 2.372386347447281718e+00 3.116674988328695690e+02 2.371656824715953071e+00 3.518581733694571200e+16 3.518581733694571600e+16
3.116437729894581707e+02 4.176026568203288214e-01 3.116428721673316886e+02 4.176487497831540829e-01 3.518577505835528000e+16 3.518577505835528400e+16
3.111106857133725612e+02 2.938418854500216559e-01 3.111115578711709873e+02 2.948009883328211456e-01 3.518576901017305600e+16 3.518576901017307200e+16
3.116836219132918018e+02 2.380985805364658869e+00 3.116842003926724374e+02 2.383640778156815632e+00 3.518582337673640400e+16 3.518582337673785600e+16
3.117229291514697138e+02 2.382422592570862196e+00 3.117251451745167969e+02 2.381914674878892857e+00 3.518582337673647600e+16 3.518582337673647600e+16
3.117311913770768683e+02 2.383546532279025687e+00 3.117313888175463603e+02 2.381462053456945061e+00 3.518582337673651600e+16 3.518582337673652000e+16
3.117334239246616221e+02 2.380949878923976470e+00 3.117313888175463603e+02 2.381462053456945061e+00 3.518582337673652000e+16 3.518582337673652000e+16
3.116977316011663106e+02 2.382895377367853396e+00 3.116971349345093927e+02 2.385441674008012658e+00 3.518582337673670800e+16 3.518582337673692400e+16
3.116430362871188322e+02 2.418538662262884831e+00 3.116413672049288834e+02 2.417370636181296550e+00 3.518582337673699600e+16 3.518582337673760800e+16
3.116639342508393042e+02 2.474143791226129707e+00 3.116635326002659667e+02 2.473804792833281585e+00 3.518582337673767600e+16 3.518582337673774400e+16
3.116842003926724374e+02 2.383640778156815632e+00 3.116845101513148393e+02 2.385108756188477841e+00 3.518582337673785600e+16 3.518582337673786000e+16
3.116539523339695279e+02 2.387478235240114710e+00 3.116561226166539313e+02 2.388061120780452740e+00 3.518582337673793600e+16 3.518582337673793600e+16
3.116552979724860961e+02 2.390184627221630720e+00 3.116561226166539313e+02 2.388061120780452740e+00 3.518582337673793600e+16 3.518582337673793600e+16
3.116363061220113195e+02 2.420773138272354075e+00 3.116388151291410509e+02 2.421210003981198788e+00 3.518582337673851200e+16 3.518582337673856800e+16
3.116373910505120080e+02 2.453031030996587702e+00 3.116365853406720703e+02 2.450916875822097829e+00 3.518582337673886000e+16 3.518582337673886400e+16
3.116365853406720703e+02 2.450916875822097829e+00 3.116377508803788032e+02 2.449824480763254098e+00 3.518582337673886400e+16 3.518582337673886400e+16
3.116484618779603579e+02 2.461233150655959268e+00 3.116497347754869338e+02 2.459108145846118809e+00 3.518582337673899600e+16 3.518582337673899600e+16
3.116484654291060110e+02 2.464499422907356241e+00 3.116467306212703079e+02 2.464738258430328344e+00 3.518582337673911600e+16 3.518582337673912000e+16
3.116192419762383565e+02 2.479684053620505146e+00 3.116179156195146334e+02 2.478601744003193552e+00 3.518582337673935200e+16 3.518582337673935600e+16
3.116374345982746945e+02 2.487277060263546336e+00 3.116365064740869002e+02 2.489536380852694464e+00 3.518582337673955200e+16 3.518582337673955200e+16
3.117053838471430822e+02 2.502112985265603218e+00 3.117067763800362741e+02 2.500246764187041837e+00 3.518582337673986800e+16 3.518582337673987600e+16
3.116746211805437952e+02 2.516120289911478292e+00 3.116745773790212866e+02 2.517119113824738186e+00 3.518582337674012800e+16 3.518582337674013200e+16
3.116942480991162370e+02 2.531270942588357276e+00 3.116937120413174966e+02 2.533728796506417247e+00 3.518582337674049600e+16 3.518582337674084800e+16
3.119893930680049152e+02 3.444733820843037808e-01 3.119882730144266247e+02 3.429290906192325461e-01 3.518576902275685600e+16 3.518576902275687600e+16
3.117535142405789088e+02 2.360787131236586234e+00 3.117528355484326426e+02 2.361590455223755214e+00 3.518581734113928800e+16 3.518581734113929200e+16
3.121900670302948129e+02 1.999600747643225152e+00 3.121886010591054514e+02 1.999402046493097496e+00 3.518581130553342400e+16 3.518581130553342400e+16
3.120186416718347573e+02 3.298915784319418343e-01 3.120206385448461788e+02 3.295794757241474193e-01 3.518576902695102800e+16 3.518576902695103200e+16
3.128172327178914998e+02 1.689102352807768437e+00 3.128175038868739648e+02 1.691243118418457536e+00 3.518580527831662400e+16 3.518580527831670000e+16
3.124011700387581527e+02 1.305764077580082450e-01 3.124000925660343455e+02 1.327276901881445370e-01 3.518576903113965600e+16 3.518576903113967200e+16
3.129373910331859747e+02 1.191943778013414779e+00 3.129380641785508601e+02 1.190857765497462362e+00 3.518579319872094400e+16 3.518579319872094800e+16
3.129735038518795136e+02 1.307194090646190965e+00 3.129739046996079423e+02 1.304893841797593490e+00 3.518579319872464000e+16 3.518579319872464000e+16
3.127285444327215487e+02 3.222534818443095195e-01 3.127277210047471385e+02 3.242866261659116400e-01 3.518576903533911200e+16 3.518576903533912800e+16
3.137967476735446439e+02 2.095603956892736486e-01 3.137948099051972122e+02 2.076859228168212446e-01 3.518576905630776000e+16 3.518576905630776000e+16
3.131211780207290758e+02 3.780969889889430058e-01 3.131195505070191416e+02 3.776130813493659977e-01 3.518577508352017600e+16 3.518577508352017600e+16
3.134109258210970097e+02 2.451640684608334675e-01 3.134134015834628144e+02 2.455655776174212879e-01 3.518576904791999600e+16 3.518576904791999600e+16
3.095443124434761444e+02 1.772086569340822093e+00 3.095463755709862994e+02 1.772252586873411362e+00 3.518580522379351200e+16 3.518580522379356000e+16
3.097375626668177233e+02 9.331554487941922105e-01 3.097375684099555428e+02 9.308190493573672564e-01 3.518578710439743600e+16 3.518578710439748800e+16
3.096273516349658053e+02 1.006280512282366590e+00 3.096248742546525250e+02 1.006431419258526860e+00 3.518578710440061600e+16 3.518578710440061600e+16
3.093428037365890759e+02 2.195360065705650676e+00 3.093443368401631801e+02 2.193798337422880884e+00 3.518581729919220000e+16 3.518581729919220000e+16
3.098285059386037688e+02 1.459700425353529507e+00 3.098291754863453775e+02 1.460759981822909559e+00 3.518579918818819600e+16 3.518579918818820000e+16
3.091646209173493958e+02 2.418493468159803150e+00 3.091632487132362712e+02 2.418120691403922162e+00 3.518582333479333600e+16 3.518582333479397200e+16
3.091105022639856656e+02 2.419679164778797631e+00 3.091117437599634172e+02 2.419620362999475027e+00 3.518582333479498400e+16 3.518582333479498800e+16
3.091467805185689031e+02 2.431714869288054803e+00 3.091479967883121276e+02 2.430494339380209645e+00 3.518582333479527200e+16 3.518582333479528800e+16
3.091467805185689031e+02 2.431714869288054803e+00 3.091456837972108360e+02 2.429460701763657582e+00 3.518582333479527200e+16 3.518582333479528800e+16
3.091479967883121276e+02 2.430494339380209645e+00 3.091456837972108360e+02 2.429460701763657582e+00 3.518582333479528800e+16 3.518582333479528800e+16
3.091603401835062073e+02 2.429878352988150247e+00 3.091617030109769644e+02 2.431713051033058015e+00 3.518582333479538000e+16 3.518582333479550400e+16
3.092373035206856002e+02 2.561582135112299596e+00 3.092374564687617635e+02 2.563594113346978620e+00 3.518582333480040000e+16 3.518582333480041200e+16
3.092181546331296431e+02 4.002315040427748549e+00 3.092168590666261139e+02 4.000282711938516478e+00 3.518585954422390000e+16 3.518585954422390000e+16
3.093143145996353951e+02 4.068553813614748549e+00 3.093148036559862817e+02 4.070296266577162925e+00 3.518585954422600000e+16 3.518585954422600400e+16
3.096440994130566082e+02 3.171905423075658703e+00 3.096462645263821969e+02 3.171685706572025421e+00 3.518584145418764400e+16 3.518584145418765200e+16
3.090195706060472389e+02 1.875678066830631652e+00 3.090174166416166486e+02 1.874473571340892875e+00 3.518581125519791200e+16 3.518580521540940000e+16
3.089707756539212369e+02 3.981276463015149591e+00 3.089700736646943255e+02 3.979584619271218315e+00 3.518585954002921200e+16 3.518585954002922400e+16
3.098459443024974007e+02 2.184553342498149586e+00 3.098469448749315234e+02 2.182305075217704449e+00 3.518581730758042800e+16 3.518581730758042800e+16
3.098469101182909071e+02 2.179727162657943751e+00 3.098469448749315234e+02 2.182305075217704449e+00 3.518581730758042800e+16 3.518581730758042800e+16
3.098170824672699837e+02 3.377380599331975652e+00 3.098174106595834587e+02 3.378343205847001318e+00 3.518584748979034400e+16 3.518584748979034400e+16
3.097981259051073266e+02 2.976971694948914671e+00 3.097971442625449754e+02 2.978286036886714339e+00 3.518583542697398800e+16 3.518583542697424000e+16
3.097813260103021094e+02 4.903603980061009837e-01 3.097813701864409381e+02 4.886546958001465324e-01 3.518577502899626800e+16 3.518577502899738800e+16
3.091743997048238839e+02 2.355781760262633195e+00 3.091720457430364490e+02 2.354721187926900772e+00 3.518581729500432000e+16 3.518581729500432000e+16
3.091743997048238839e+02 2.355781760262633195e+00 3.091765266662613385e+02 2.356758605984302424e+00 3.518581729500432000e+16 3.518581729500442000e+16
3.091785636240264239e+02 2.357346489886174457e+00 3.091765266662613385e+02 2.356758605984302424e+00 3.518581729500433200e+16 3.518581729500442000e+16
3.091988099293848791e+02 2.370441721663495649e+00 3.091977326572207971e+02 2.372424120860613606e+00 3.518581729500486400e+16 3.518581729500495600e+16
3.098639000040017208e+02 2.121359800619269986e+00 3.098656167560880021e+02 2.120528467875215650e+00 3.518581126778955200e+16 3.518581126778955200e+16
3.090663896166349787e+02 5.381973539432036713e-01 3.090651422544055436e+02 5.398971352491926945e-01 3.518577501641704000e+16 3.518577501641704000e+16
3.069313180165715949e+02 1.926116503344912578e+00 3.069310681887789087e+02 1.926614540894196814e+00 3.518581121745062400e+16 3.518581121745064800e+16
3.073061170232290351e+02 7.963803700229036275e-01 3.073048570032879638e+02 7.978791427046034723e-01 3.518578102685400000e+16 3.518578102685400000e+16
3.073367636171843742e+02 8.290371510866644256e-01 3.073361373221524104e+02 8.271040051693736572e-01 3.518578102685494400e+16 3.518578102685494400e+16
3.073476562397656267e+02 8.362929956605122950e-01 3.073462104675705291e+02 8.342710390595933223e-01 3.518578102685512000e+16 3.518578102685529600e+16
3.073177588466014640e+02 8.516219475308616227e-01 3.073170515562568994e+02 8.535071426485508761e-01 3.518578102685516800e+16 3.518578102685533600e+16
3.073486353300705218e+02 8.335212086740559911e-01 3.073462104675705291e+02 8.342710390595933223e-01 3.518578102685529600e+16 3.518578102685529600e+16
3.073467341725425399e+02 8.635212690280626990e-01 3.073477041830931853e+02 8.621028388815715759e-01 3.518578102685532000e+16 3.518578102685532800e+16
3.073660743156189596e+02 8.523776771550126696e-01 3.073677427386524528e+02 8.527310277626083401e-01 3.518578102685532400e+16 3.518578102685535200e+16
3.071512642783281990e+02 1.608634500194279504e-01 3.071525650000172618e+02 1.619644724319825591e-01 3.518576894305996800e+16 3.518576894305996800e+16
3.074669307437044381e+02 1.486627376625546670e+00 3.074684264155320648e+02 1.487087406983293780e+00 3.518579914624622400e+16 3.518579914624622400e+16
3.075853035709386063e+02 1.637159931133901347e+00 3.075867842408246702e+02 1.638635946967521129e+00 3.518580519023486800e+16 3.518580519023487200e+16
3.075510587434541208e+02 1.816483082719251074e+00 3.075496355277140879e+02 1.815465990786977679e+00 3.518580519024127600e+16 3.518580519024128800e+16
3.075682227573954606e+02 1.828294727358555471e+00 3.075658196123915786e+02 1.829554062469105347e+00 3.518580519024131200e+16 3.518580519024132000e+16
3.075606756783840865e+02 1.830870689516713945e+00 3.075594903698270173e+02 1.830373780049136423e+00 3.518580519024172400e+16 3.518580519024172800e+16
3.075689932769830079e+02 1.832236502035440306e+00 3.075709011997050766e+02 1.831933849400647407e+00 3.518580519024176800e+16 3.518580519024177600e+16
3.075210419636516121e+02 1.841531713232625433e+00 3.075210966649908073e+02 1.838905741516731807e+00 3.518580519024243200e+16 3.518580519024248000e+16
3.076011906163367939e+02 1.852916592352269021e+00 3.076031348028481602e+02 1.853995237992838163e+00 3.518580519024295200e+16 3.518580519024309600e+16
3.072040936321844242e+02 7.263420190947027510e-01 3.072014496684819278e+02 7.270907027417383706e-01 3.518578102265534800e+16 3.518578102265535600e+16
3.075262765637136226e+02 1.898893521629734016e+00 3.075243640745893003e+02 1.898363133329557639e+00 3.518581123003203200e+16 3.518581123003250400e+16
3.075930846675518637e+02 1.903831752836915525e+00 3.075938266034336834e+02 1.903099681635495921e+00 3.518581123003223200e+16 3.518581123003267600e+16
3.075245402573096953e+02 1.893421958299773333e+00 3.075234442026211354e+02 1.890920937756158215e+00 3.518581123003256000e+16 3.518581123003263600e+16
3.075943470744193178e+02 1.900785670706844677e+00 3.075938266034336834e+02 1.903099681635495921e+00 3.518581123003263600e+16 3.518581123003267600e+16
3.075194709230233912e+02 1.881598328329317393e+00 3.075218019741799367e+02 1.881851804170111553e+00 3.518581123003272000e+16 3.518581123003272800e+16
3.075005388997901150e+02 1.893582747927281318e+00 3.074993583414810701e+02 1.891199386122718318e+00 3.518581123003298400e+16 3.518581122583840800e+16
3.076251052432163533e+02 1.906418513403413728e+00 3.076232921356961469e+02 1.905329759620741692e+00 3.518581123003328400e+16 3.518581123003328800e+16
3.075652601984814964e+02 1.918265094643535340e+00 3.075652751960475939e+02 1.917880909244501275e+00 3.518581123003384800e+16 3.518581123003384800e+16
3.076199805394173836e+02 1.939018819457438259e+00 3.076216565385190620e+02 1.940635130810421050e+00 3.518581123003456400e+16 3.518581123003463200e+16
3.076216565385190620e+02 1.940635130810421050e+00 3.076232114127025739e+02 1.940453943414774285e+00 3.518581123003463200e+16 3.518581123003463200e+16
3.075251089746575417e+02 1.952073288204972945e+00 3.075270561266293043e+02 1.953625027065118758e+00 3.518581123003468800e+16 3.518581123003468800e+16
3.075068242276526007e+02 3.385121652909679035e+00 3.075076138504085748e+02 3.386809272971701201e+00 3.518584745204156800e+16 3.518584745204158000e+16
3.076765314146517198e+02 3.622731450310843648e+00 3.076770674980520539e+02 3.623148920887310442e+00 3.518584745204962400e+16 3.518584745204962800e+16
3.077018485661371869e+02 8.763591357963995687e-01 3.076993890546827970e+02 8.773896880352961558e-01 3.518578707084096800e+16 3.518578707084096800e+16
3.071281457630794876e+02 1.484658259249301837e+00 3.071281196130946682e+02 1.486878987923931694e+00 3.518579914205283200e+16 3.518579914205283200e+16
3.076487839962260864e+02 4.612671333947860330e-01 3.076471920325134306e+02 4.611811069169584054e-01 3.518577499124870400e+16 3.518577499124870800e+16
3.072727273300781690e+02 7.018388497093815126e-02 3.072731509014392941e+02 7.016286755440702405e-02 3.518576290746154800e+16 3.518576290746155600e+16
3.078621203289374080e+02 2.199167841140026614e+00 3.078620930719294506e+02 2.196428315561192335e+00 3.518581727402665200e+16 3.518581727402666400e+16
3.077097363778644876e+02 2.149528032200820782e+00 3.077123083644738131e+02 2.150185679489293289e+00 3.518581726983093600e+16 3.518581726983094000e+16
3.077694003735550154e+02 2.051311800587447554e+00 3.077704573697101864e+02 2.053697760769962688e+00 3.518581123423324800e+16 3.518581123423328400e+16
3.075975777739869841e+02 1.088302840836110480e-01 3.075966509985010475e+02 1.071515395065912035e-01 3.518576291165730800e+16 3.518576291165753600e+16
3.081040743383798031e+02 2.069803931117490503e+00 3.081029066684037616e+02 2.069616289847311830e+00 3.518581123842812400e+16 3.518581123842824800e+16
3.086374354514920810e+02 3.225504083694779478e+00 3.086394541768030990e+02 3.226949739670999406e+00 3.518584143741321200e+16 3.518584143741342000e+16
3.082162106211337118e+02 3.889040711066963585e+00 3.082163338069742053e+02 3.887492971574259659e+00 3.518585952744314400e+16 3.518585952744314400e+16
3.083321047167906386e+02 4.698678596630943560e-01 3.083344269447201782e+02 4.699255038327776468e-01 3.518577500383114400e+16 3.518577500383146800e+16
3.086788886394507472e+02 3.450940550332294521e+00 3.086771370590409447e+02 3.450706172266961413e+00 3.518584747301560400e+16 3.518584746882131600e+16
3.084885811613496003e+02 2.366851445536424237e+00 3.084864100699240907e+02 2.367316720120869356e+00 3.518581728241967200e+16 3.518581728241968000e+16
3.081141513586153451e+02 4.701425081895039604e+00 3.081149688234626183e+02 4.702177200931602741e+00 3.518587760489575200e+16 3.518587760489575200e+16
3.082229336233089612e+02 3.610132657470772610e+00 3.082251194629572524e+02 3.611411090214148079e+00 3.518584746463275600e+16 3.518584746463287600e+16
3.088880934210394571e+02 4.047626387230590872e+00 3.088887405016766934e+02 4.050022792864343302e+00 3.518585953583732400e+16 3.518585953583732800e+16
3.089011745951524972e+02 4.051262154496050982e+00 3.089004442223636602e+02 4.053696059133295115e+00 3.518585953583738400e+16 3.518585953583751200e+16
3.082688081219764626e+02 1.373414377386802609e+00 3.082681957263524168e+02 1.372278530550349540e+00 3.518579312323049200e+16 3.518579312323050800e+16
3.081026399092509678e+02 1.319321040840424120e+00 3.081004192021721906e+02 1.318030307286971237e+00 3.518579311903500000e+16 3.518579311903501600e+16
3.084810774886419154e+02 4.402845482566466906e+00 3.084818710777574324e+02 4.402600512757540052e+00 3.518587158606745200e+16 3.518587158606745200e+16
3.084810774886419154e+02 4.402845482566466906e+00 3.084825824381215966e+02 4.401021243199326527e+00 3.518587158606745200e+16 3.518587158606745600e+16
3.084818710777574324e+02 4.402600512757540052e+00 3.084825824381215966e+02 4.401021243199326527e+00 3.518587158606745200e+16 3.518587158606745600e+16
3.088557725223508896e+02 3.727077225966810570e+00 3.088569508108162154e+02 3.728006456103557298e+00 3.518585350442534400e+16 3.518585350442535200e+16
3.088983555753526957e+02 1.818932450985455418e+00 3.088993926901305827e+02 1.819694048070270576e+00 3.518580521121181600e+16 3.518580521121227200e+16
3.085370297721842121e+02 1.789488865091462211e+00 3.085365998603658682e+02 1.787020774678721891e+00 3.518580520701807200e+16 3.518580520701807200e+16
3.084951916563455825e+02 4.106000436432725387e+00 3.084952271491182501e+02 4.107888220387343026e+00 3.518585953164516400e+16 3.518585953164516800e+16
3.082516976345830244e+02 3.301697158788279296e+00 3.082525205215113147e+02 3.301305366756093651e+00 3.518584143322146400e+16 3.518584143322146400e+16
3.086864026681761288e+02 2.095645766079419214e+00 3.086848508077965789e+02 2.097883407493527308e+00 3.518581124681799600e+16 3.518581124681811200e+16
3.087309640322627615e+02 3.222169788238083754e+00 3.087295398520866456e+02 3.224205820556488522e+00 3.518584144160685600e+16 3.518584144160693200e+16
3.081530230205958674e+02 3.704751388416456237e+00 3.081510814591946996e+02 3.704409553795692034e+00 3.518585349184170800e+16 3.518585349184170800e+16
3.082767901997129343e+02 4.406995273490723619e+00 3.082748743106589586e+02 4.407133175369533085e+00 3.518587158187380400e+16 3.518587158187380800e+16
3.082767901997129343e+02 4.406995273490723619e+00 3.082742582313189246e+02 4.406196015010713118e+00 3.518587158187380400e+16 3.518587158187381200e+16
3.082748743106589586e+02 4.407133175369533085e+00 3.082742582313189246e+02 4.406196015010713118e+00 3.518587158187380800e+16 3.518587158187381200e+16
3.084063693480893562e+02 2.841080887050758008e+00 3.084081895628950747e+02 2.841027643763879951e+00 3.518582936201549600e+16 3.518582936201550000e+16
3.079339205459788786e+02 3.455443116179557350e+00 3.079320970347480966e+02 3.453829360715153562e+00 3.518584746043265200e+16 3.518584746043273600e+16
3.079408669086866439e+02 3.345331946434538128e+00 3.079427434136334796e+02 3.346794403217729030e+00 3.518584142902861600e+16 3.518584142902871200e+16
