3.093929815319655177e+02 -4.547106628891935287e+01 3.093951052491411815e+02 -4.547188056413696700e+01 3.518477335370541600e+16 3.518477335370542000e+16
3.095665512311697967e+02 -4.680368155673961184e+01 3.095651063853455867e+02 -4.680269389376356060e+01 3.518475232346286000e+16 3.518475232346286000e+16
3.098627333501528369e+02 -4.656423434273546746e+01 3.098598656601493531e+02 -4.656236126683167242e+01 3.518475649260072000e+16 3.518475649260081200e+16
3.092155389962870231e+02 -4.752397991690008183e+01 3.092138524893707654e+02 -4.752337411661321198e+01 3.518473992929498000e+16 3.518473992929498000e+16
3.091803144759816746e+02 -4.619595727120447037e+01 3.091797348253414839e+02 -4.619659274861296439e+01 3.518476067432509600e+16 3.518476067432509600e+16
3.099912978504434591e+02 -4.530211905184965815e+01 3.099884106635974490e+02 -4.530090493788586059e+01 3.518477762769895200e+16 3.518477762769895200e+16
3.003135734579982454e+02 -4.993685497374072213e+01 3.003145979036161748e+02 -4.993428558407637752e+01 3.518469980238978800e+16 3.518469980238989600e+16
3.002487549007918233e+02 -4.977014340710314855e+01 3.002460711767005250e+02 -4.976869675246474856e+01 3.518470371567366000e+16 3.518470371567369600e+16
3.002460711767005250e+02 -4.976869675246474856e+01 3.002455125507592584e+02 -4.976637104261854461e+01 3.518470371567369600e+16 3.518470371567374400e+16
3.052421569329992508e+02 -4.677398823115116500e+01 3.052420617606103974e+02 -4.677267578363498046e+01 3.518475227313179600e+16 3.518475227313180000e+16
3.052522218006162689e+02 -4.600112445301475361e+01 3.052502090898887559e+02 -4.600082620480170448e+01 3.518476483926677200e+16 3.518476483926677200e+16
3.060924891558838681e+02 -4.832601309743120765e+01 3.060896849122465824e+02 -4.832472734951804227e+01 3.518472767773207600e+16 3.518472767773210000e+16
3.052576216466330266e+02 -4.964857564807252999e+01 3.052569933252755163e+02 -4.964970287393683179e+01 3.518470377020220800e+16 3.518470377020220800e+16
3.066498372912432160e+02 -4.740609294337016166e+01 3.066513280195794664e+02 -4.740406197771029184e+01 3.518473989993874000e+16 3.518473989993874000e+16
3.068327612342236534e+02 -4.836972986832845578e+01 3.068320769270010828e+02 -4.837037314994655901e+01 3.518472768611966400e+16 3.518472768611966400e+16
3.065582431179225296e+02 -4.593285509381364307e+01 3.065595660628828227e+02 -4.593326380179627222e+01 3.518476485185224000e+16 3.518476485185224400e+16
3.063478242998090764e+02 -4.979964105489219151e+01 3.063475568582250048e+02 -4.980048736851971825e+01 3.518470378278255200e+16 3.518470378278255200e+16
3.060999579431485813e+02 -4.966246631941682210e+01 3.061007001420111919e+02 -4.966029658034250360e+01 3.518470378278581200e+16 3.518470378278585600e+16
3.069846032530556954e+02 -4.551761097810521761e+01 3.069825947341445271e+02 -4.551605375254584374e+01 3.518477332434412800e+16 3.518477332434429200e+16
3.062388198863890807e+02 -4.674068868390627784e+01 3.062407971653986465e+02 -4.673939324241054294e+01 3.518475228571575200e+16 3.518475228571578800e+16
3.069643831987746694e+02 -4.836073326370235748e+01 3.069670373963256793e+02 -4.836257684353761022e+01 3.518472769031412400e+16 3.518472769031413200e+16
3.078873882802528783e+02 -4.710458074256353456e+01 3.078843835955271402e+02 -4.710386915789981543e+01 3.518474815432353600e+16 3.518474815432354000e+16
3.086199315317015248e+02 -4.555007836295296642e+01 3.086188911034843727e+02 -4.554843226925233068e+01 3.518477334531472000e+16 3.518477334531472400e+16
3.084970558564000953e+02 -4.694212431452274359e+01 3.084982708723883320e+02 -4.694348901702580434e+01 3.518474815852178400e+16 3.518474815852178800e+16
3.090851580377079131e+02 -4.741255374413007218e+01 3.090853546306105386e+02 -4.741058659729597480e+01 3.518473992510372000e+16 3.518473992510372000e+16
3.079026364008373093e+02 -4.570981059688779169e+01 3.079008167891684025e+02 -4.571070219437887516e+01 3.518476909648718000e+16 3.518476909648718400e+16
3.088433852310811289e+02 -4.642991508458218419e+01 3.088445008706813724e+02 -4.642817226008979503e+01 3.518475648002109600e+16 3.518475648002109600e+16
3.084256427305958823e+02 -4.739534323862368126e+01 3.084253839411986178e+02 -4.739580256979166251e+01 3.518473992090942400e+16 3.518473992090942400e+16
3.084256427305958823e+02 -4.739534323862368126e+01 3.084262513468248699e+02 -4.739572539107464166e+01 3.518473992090942400e+16 3.518473992090942400e+16
3.084256427305958823e+02 -4.739534323862368126e+01 3.084253500044610519e+02 -4.739537499736688630e+01 3.518473992090942400e+16 3.518473992090942400e+16
3.084253839411986178e+02 -4.739580256979166251e+01 3.084262513468248699e+02 -4.739572539107464166e+01 3.518473992090942400e+16 3.518473992090942400e+16
3.084253839411986178e+02 -4.739580256979166251e+01 3.084253500044610519e+02 -4.739537499736688630e+01 3.518473992090942400e+16 3.518473992090942400e+16
3.084262513468248699e+02 -4.739572539107464166e+01 3.084253500044610519e+02 -4.739537499736688630e+01 3.518473992090942400e+16 3.518473992090942400e+16
3.101415908758617093e+02 -3.962104940256764252e+01 3.101450389871371840e+02 -3.962169315447711426e+01 3.518488066916364400e+16 3.518488066916364400e+16
3.100653120096748694e+02 -3.965307420302811181e+01 3.100656968028749816e+02 -3.965101858453700601e+01 3.518487600090764000e+16 3.518487600090771200e+16
3.100486402356666531e+02 -3.965846292138435558e+01 3.100496640560442074e+02 -3.965660022408196994e+01 3.518487599671400800e+16 3.518487599671401200e+16
3.100486402356666531e+02 -3.965846292138435558e+01 3.100502873265543826e+02 -3.965935593614280918e+01 3.518487599671400800e+16 3.518487599671401200e+16
3.066398987764974891e+02 -3.996227515118383167e+01 3.066373177687178213e+02 -3.996206942483975411e+01 3.518487130328518000e+16 3.518487130328518800e+16
3.082558342011936929e+02 -3.987691099710751530e+01 3.082579429924986698e+02 -3.987683736474733820e+01 3.518487132425971600e+16 3.518487132425971600e+16
3.088314510893155784e+02 -3.956134617325154323e+01 3.088291860858461177e+02 -3.956107365759606154e+01 3.518488065238780400e+16 3.518488065238780800e+16
2.990045636212764180e+02 -5.482707922159379166e+01 2.990033750917973521e+02 -5.482705395450307151e+01 3.518462933388557200e+16 3.518462933388557200e+16
2.985817751907662796e+02 -5.483166024078099809e+01 2.985843703125344746e+02 -5.482973597206717642e+01 3.518462932969119200e+16 3.518462932969122400e+16
2.984567368195938570e+02 -5.471635661974137577e+01 2.984543486181960361e+02 -5.471591337128793953e+01 3.518462932969249200e+16 3.518462932969249600e+16
2.991062483183533800e+02 -5.441648506640095206e+01 2.991026142608517944e+02 -5.441512656216357868e+01 3.518463285290818400e+16 3.518463285290820000e+16
2.982632075853672973e+02 -5.473292479539335176e+01 2.982621854960179348e+02 -5.473196078747478310e+01 3.518462932549671200e+16 3.518462932549671200e+16
2.997680123520005395e+02 -5.324772928620404144e+01 2.997636556828825860e+02 -5.324734224900461044e+01 3.518465077936345600e+16 3.518465077936347200e+16
2.994966401067627544e+02 -5.220452526240288904e+01 2.994986558011792681e+02 -5.220218224555649300e+01 3.518466549298190400e+16 3.518466549298195200e+16
2.992827899905797153e+02 -5.421160438381768643e+01 2.992793408434868638e+02 -5.421091137087476852e+01 3.518463639290056800e+16 3.518463639290056800e+16
3.030556698598196022e+02 -5.109491800727433031e+01 3.030546278676757197e+02 -5.109650649877869455e+01 3.518468437993128800e+16 3.518468437993128800e+16
3.031510243622998360e+02 -5.020859571386587561e+01 3.031524854304751102e+02 -5.020723008078770278e+01 3.518469593943599200e+16 3.518469593943599200e+16
3.031510243622998360e+02 -5.020859571386587561e+01 3.031527162156812096e+02 -5.020914101656936168e+01 3.518469593943599200e+16 3.518469593943599200e+16
3.031524854304751102e+02 -5.020723008078770278e+01 3.031527162156812096e+02 -5.020914101656936168e+01 3.518469593943599200e+16 3.518469593943599200e+16
3.035279597154201952e+02 -5.185861535559102009e+01 3.035260830328333554e+02 -5.185961663899509944e+01 3.518467300917291600e+16 3.518467300917292000e+16
3.031816070394756366e+02 -5.202667607016005746e+01 3.031826333657805890e+02 -5.202564716638978126e+01 3.518466925946709600e+16 3.518466925946710000e+16
3.031941408301538559e+02 -5.201976328655663906e+01 3.031964867640829766e+02 -5.201970871776574512e+01 3.518466925946726000e+16 3.518466925946726400e+16
3.035849877443015998e+02 -5.010841022497146469e+01 3.035867097351743951e+02 -5.010691650443691003e+01 3.518469984013562400e+16 3.518469984013562800e+16
3.043052981760261559e+02 -5.104167431049405934e+01 3.043038698303822116e+02 -5.103994915735839299e+01 3.518468439251576000e+16 3.518468439251576000e+16
3.040522202463351391e+02 -5.089038047768650586e+01 3.040530311287956238e+02 -5.088861208125580049e+01 3.518468438832555600e+16 3.518468438832555600e+16
3.040313720747844854e+02 -5.088324782172972505e+01 3.040332598376520536e+02 -5.088114517531293757e+01 3.518468438832588000e+16 3.518468438832588800e+16
3.040332598376520536e+02 -5.088114517531293757e+01 3.040304324026855625e+02 -5.087997701347818236e+01 3.518468438832588800e+16 3.518468438832588800e+16
3.041823985003628650e+02 -5.152599705732239244e+01 3.041846657436956320e+02 -5.152597041793644905e+01 3.518467678824278400e+16 3.518467678824278400e+16
3.003837139788537911e+02 -5.289970134931218126e+01 3.003859130200293066e+02 -5.290026302418521453e+01 3.518465442840942000e+16 3.518465442840942400e+16
3.004077240366932529e+02 -5.348664697832744963e+01 3.004088230842148164e+02 -5.348525121939090354e+01 3.518464715548588400e+16 3.518464715548588800e+16
3.009612594396860459e+02 -5.113813226385632760e+01 3.009571322974243799e+02 -5.113891197855218707e+01 3.518468054214807600e+16 3.518468054214815200e+16
3.001370675806034001e+02 -5.283917253473126152e+01 3.001354039045269815e+02 -5.283811685452883466e+01 3.518465809842227600e+16 3.518465809842228000e+16
3.000219902569162969e+02 -5.232803917033853480e+01 3.000201938660632095e+02 -5.232766763487940409e+01 3.518466549717482400e+16 3.518466549717482400e+16
3.003264042605554778e+02 -5.201461789371468569e+01 3.003295179483073980e+02 -5.201353858485526871e+01 3.518466923010700800e+16 3.518466923010704000e+16
3.003958868184262201e+02 -5.129924421652362554e+01 3.003971071298448123e+02 -5.129746224098504825e+01 3.518468053794968000e+16 3.518468053794968000e+16
3.050383819896275099e+02 -5.062044762126651420e+01 3.050389614012144648e+02 -5.062215293447695075e+01 3.518469208486717200e+16 3.518469208486717600e+16
3.049150961376728333e+02 -5.086581019374654034e+01 3.049139773226499983e+02 -5.086480723700031348e+01 3.518468823030188000e+16 3.518468823030188400e+16
3.049268703602392065e+02 -5.071789148339273368e+01 3.049272996133680635e+02 -5.071963622723358611e+01 3.518468823030617600e+16 3.518468823030617600e+16
3.049272996133680635e+02 -5.071963622723358611e+01 3.049269763249309904e+02 -5.072159996568404239e+01 3.518468823030617600e+16 3.518468823030617600e+16
3.048872930347017132e+02 -5.072167292166549402e+01 3.048845100818925289e+02 -5.072094031031265615e+01 3.518468823030618000e+16 3.518468823030618000e+16
3.049226008173981768e+02 -5.071078302185027553e+01 3.049256232235688344e+02 -5.071149189755763587e+01 3.518468823030632800e+16 3.518468823030633200e+16
3.049390407932432936e+02 -5.066293089542839567e+01 3.049431924338156819e+02 -5.066277155137465371e+01 3.518468823030697600e+16 3.518468823030697600e+16
3.049931367190371816e+02 -5.064779995809345081e+01 3.049893420926571821e+02 -5.064771102864526142e+01 3.518468823030732000e+16 3.518468823030732800e+16
3.049927687013245645e+02 -5.063522763178117714e+01 3.049955289224456010e+02 -5.063394153150941435e+01 3.518468823030748000e+16 3.518468823030748800e+16
3.010315508797713733e+02 -5.337004314019497286e+01 3.010329883714264838e+02 -5.337127755479778557e+01 3.518465079194434400e+16 3.518465079194434400e+16
3.016064362133968757e+02 -5.171905757722789332e+01 3.016061882425727845e+02 -5.171691182310122059e+01 3.518467298820464400e+16 3.518467298820464800e+16
3.018567726608519024e+02 -5.298102283251584055e+01 3.018529206144091859e+02 -5.297958845331928757e+01 3.518465444518629600e+16 3.518465444518630800e+16
3.013420347063748750e+02 -5.141022559015038951e+01 3.013449223524668810e+02 -5.141018804206770199e+01 3.518467675888558800e+16 3.518467675888558800e+16
3.024675490230196147e+02 -5.061002994801570765e+01 3.024665805337158417e+02 -5.060766469673159662e+01 3.518469205550710000e+16 3.518469205550724800e+16
3.024315704393785040e+02 -5.157029726582562290e+01 3.024353417698281419e+02 -5.157146502077871730e+01 3.518467677146438400e+16 3.518467677146444800e+16
3.026328148220613343e+02 -5.255374757281737175e+01 3.026298719977140763e+02 -5.255239520590987468e+01 3.518466181038268000e+16 3.518466181038276000e+16
3.025620410084221703e+02 -5.044664330149614528e+01 3.025613184865803191e+02 -5.044504303449838289e+01 3.518469205970419200e+16 3.518469205970419200e+16
3.029948189337943631e+02 -5.226778660609975447e+01 3.029960612617540505e+02 -5.226854072312544730e+01 3.518466552653676000e+16 3.518466552653676000e+16
3.139539745053806996e+02 -4.080910584594829515e+01 3.139575770136434585e+02 -4.080880565098490109e+01 3.518485753757878000e+16 3.518485753757878400e+16
3.143510430148795081e+02 -4.111009286735463775e+01 3.143523778208271438e+02 -4.111209454992960843e+01 3.518485295320309200e+16 3.518485295320310800e+16
3.108748545933844980e+02 -4.094240484773507660e+01 3.108739994499328532e+02 -4.094290004453672793e+01 3.518485291126402800e+16 3.518485291126402800e+16
3.100716715965835419e+02 -4.073369238225177469e+01 3.100731750594447931e+02 -4.073157315004107915e+01 3.518485748724952000e+16 3.518485748724952400e+16
3.102973310844850516e+02 -4.219220215359955262e+01 3.102973687390462487e+02 -4.219360637576367168e+01 3.518483022427464000e+16 3.518483022427464000e+16
3.104516862911476665e+02 -4.096254276951272999e+01 3.104488100617381861e+02 -4.096134741512436506e+01 3.518485290287544000e+16 3.518485290287547200e+16
3.116224594164347650e+02 -4.242286225329753790e+01 3.116226490188623757e+02 -4.242099237584498894e+01 3.518482575734069600e+16 3.518482575734070000e+16
3.119378751359992066e+02 -4.002555658221370294e+01 3.119406862485413399e+02 -4.002590644995848379e+01 3.518487137039372800e+16 3.518487137039372800e+16
3.113856700476271726e+02 -4.319868069278655298e+01 3.113862359680180703e+02 -4.319614710106296940e+01 3.518481241945368400e+16 3.518481241945383200e+16
3.115525320345459477e+02 -4.239949074391466866e+01 3.115493398200833894e+02 -4.239981490347026494e+01 3.518482575314747600e+16 3.518482575314747600e+16
3.116684933343776720e+02 -4.306322608971790089e+01 3.116667196947175285e+02 -4.306358113260302645e+01 3.518481685282967600e+16 3.518481685282968800e+16
3.117649605662948034e+02 -4.223371501273467032e+01 3.117641940024935820e+02 -4.223285852480120184e+01 3.518483024105036000e+16 3.518483024105036000e+16
3.111952189329247176e+02 -4.200351523387439556e+01 3.111936078300068971e+02 -4.200158846221671638e+01 3.518483473734341200e+16 3.518483473734341600e+16
3.124458477136910233e+02 -4.087307749348514818e+01 3.124470133362046340e+02 -4.087567878871873006e+01 3.518485751660557600e+16 3.518485293223753600e+16
3.121400563505540049e+02 -4.462463515840099859e+01 3.121402445064903191e+02 -4.462317157230718578e+01 3.518479055873650000e+16 3.518479055873650000e+16
3.127719186634255948e+02 -4.264504926409687613e+01 3.127752412451562805e+02 -4.264538858366562124e+01 3.518482130718479200e+16 3.518482130718483600e+16
3.139952858103965809e+02 -4.273874751712733655e+01 3.139954469932501979e+02 -4.273703975053449255e+01 3.518482132396007200e+16 3.518482132396007200e+16
3.135287292562584298e+02 -4.122632911484384977e+01 3.135297013681101816e+02 -4.122769232650861682e+01 3.518484837302588800e+16 3.518484837302589200e+16
3.130827311737608625e+02 -4.188675406819915992e+01 3.130821854073104191e+02 -4.188472997090155303e+01 3.518483476251157600e+16 3.518483476251165600e+16
3.100044301833252689e+02 -4.672944336263133636e+01 3.100054247694935157e+02 -4.672814504034110428e+01 3.518475232765865600e+16 3.518475232765866000e+16
3.101708783417599875e+02 -4.670386597783185323e+01 3.101673819534407244e+02 -4.670322443804334256e+01 3.518475232765924800e+16 3.518475232765926400e+16
3.113392363267456062e+02 -4.535425502532870468e+01 3.113420730795687632e+02 -4.535303683218563719e+01 3.518477764447491600e+16 3.518477764447509200e+16
3.095107842493019348e+02 -4.013693605210492166e+01 3.095116226701826463e+02 -4.013740966158963630e+01 3.518486670213761200e+16 3.518486670213761200e+16
3.095107842493019348e+02 -4.013693605210492166e+01 3.095110723769287802e+02 -4.013740161713423760e+01 3.518486670213761200e+16 3.518486670213761600e+16
3.095116226701826463e+02 -4.013740966158963630e+01 3.095110723769287802e+02 -4.013740161713423760e+01 3.518486670213761200e+16 3.518486670213761600e+16
3.091190456152397701e+02 -4.321818308238078998e+01 3.091157158547607651e+02 -4.321928280270522293e+01 3.518481239428736000e+16 3.518481239428736800e+16
3.098843904175528792e+02 -4.332313089385588256e+01 3.098846659734713285e+02 -4.332429234290724906e+01 3.518481240267319200e+16 3.518481240267319200e+16
3.094974638174380743e+02 -4.377008294601447602e+01 3.094982562883110404e+02 -4.377068516277385157e+01 3.518480359463597600e+16 3.518480359463597600e+16
3.056078859368962526e+02 -4.136019373275054534e+01 3.056100063452307722e+02 -4.135825040760091298e+01 3.518484827235973200e+16 3.518484827235975600e+16
3.057342994679202661e+02 -4.208064606820228448e+01 3.057370549299354252e+02 -4.207932648996806080e+01 3.518483467023245600e+16 3.518483467023245600e+16
3.051937335334638988e+02 -4.237699252240439307e+01 3.051914948434871917e+02 -4.237493283834647428e+01 3.518482567764776400e+16 3.518483016135484400e+16
3.051357564494920780e+02 -4.288376597007939495e+01 3.051351513613431052e+02 -4.288390822294565652e+01 3.518481677314082400e+16 3.518481677314082400e+16
3.054743058096657933e+02 -4.450835296509425376e+01 3.054772847796076576e+02 -4.450818802164149446e+01 3.518479047485234400e+16 3.518479047904663600e+16
3.051418325164299290e+02 -4.448742481843408569e+01 3.051446727631420117e+02 -4.448603648516973408e+01 3.518479047485279200e+16 3.518479047485282400e+16
3.052447479533014985e+02 -4.418220604386551997e+01 3.052432994187353756e+02 -4.418340461893467364e+01 3.518479480756972400e+16 3.518479480756972400e+16
3.054910269020015221e+02 -4.082158167693035722e+01 3.054895383777562188e+02 -4.081987716819502765e+01 3.518485742852612400e+16 3.518485742852616400e+16
3.054895383777562188e+02 -4.081987716819502765e+01 3.054903173301225934e+02 -4.081776044726991159e+01 3.518485742852616400e+16 3.518485742852616800e+16
3.060417020067422413e+02 -4.293370590603083770e+01 3.060421124304173190e+02 -4.293104555681014034e+01 3.518481678152867600e+16 3.518481678152874400e+16
3.059446753879514063e+02 -4.292191980550588681e+01 3.059468740401208038e+02 -4.292173041333755634e+01 3.518481678152892800e+16 3.518481678152892800e+16
3.055563734709930372e+02 -4.143447655244693806e+01 3.055569204873893909e+02 -4.143552565742417215e+01 3.518484372154324800e+16 3.518484372154324800e+16
3.055778145409519766e+02 -4.025145290324713443e+01 3.055792885883432177e+02 -4.025191953318722682e+01 3.518486665180167200e+16 3.518486665180167200e+16
3.068302113589420514e+02 -4.036856047843213702e+01 3.068292616312235168e+02 -4.036979831004136088e+01 3.518486666857688400e+16 3.518486666857688800e+16
3.065715529631617642e+02 -4.205952648739475563e+01 3.065718559161003327e+02 -4.206137953189738710e+01 3.518483467862169600e+16 3.518483467862170400e+16
3.065782756549457417e+02 -4.249882535440434594e+01 3.065772186514026885e+02 -4.250095722114131291e+01 3.518482569442379600e+16 3.518482569442380800e+16
3.067073031658222817e+02 -4.247199592717444006e+01 3.067072767178656818e+02 -4.247179343095738346e+01 3.518482569442433600e+16 3.518482569442434000e+16
3.066730828758783787e+02 -4.127064810720451504e+01 3.066748160046099656e+02 -4.126902894799314936e+01 3.518484828913875200e+16 3.518484828913883600e+16
3.067912976280886710e+02 -4.198248462285529570e+01 3.067923029776339945e+02 -4.197995825469574527e+01 3.518483468281740800e+16 3.518483468281740800e+16
3.069900356362952039e+02 -4.143004134777492453e+01 3.069911793225714973e+02 -4.143202029365811967e+01 3.518484373832082800e+16 3.518484373832082800e+16
3.065479117113184770e+02 -4.435647288185944603e+01 3.065471119767867094e+02 -4.435460601431962857e+01 3.518479482434401200e+16 3.518479482434401600e+16
3.068302710980768779e+02 -4.369756522131851995e+01 3.068299482103159903e+02 -4.369933345305549466e+01 3.518480356108352000e+16 3.518480356108352400e+16
3.065211227819136184e+02 -4.282258974696284071e+01 3.065175523535652360e+02 -4.282227841159280501e+01 3.518482123168274000e+16 3.518482123168279600e+16
3.061917674158967770e+02 -4.191517532471564067e+01 3.061909234301237461e+02 -4.191485189189685201e+01 3.518483467443057600e+16 3.518483467443057600e+16
3.073246201708682861e+02 -4.250905826758150852e+01 3.073228468066791947e+02 -4.250896194458658073e+01 3.518482570281238400e+16 3.518482570281238800e+16
3.072462396086863237e+02 -4.037401421920751687e+01 3.072468123821216750e+02 -4.037593113107539011e+01 3.518486667277114000e+16 3.518486205484744800e+16
3.073508620386312487e+02 -4.037330244139634061e+01 3.073505931033620868e+02 -4.037059269789076410e+01 3.518486667277115200e+16 3.518486667277119200e+16
3.072286206084560263e+02 -4.036989737912539766e+01 3.072260052414974325e+02 -4.036948710322101874e+01 3.518486667277120800e+16 3.518486667277120800e+16
3.073055063310604851e+02 -4.034204697254371297e+01 3.073057757540235571e+02 -4.033998174691522820e+01 3.518486667277180400e+16 3.518486667277186400e+16
3.072349578057636563e+02 -4.338823232357242432e+01 3.072330487282716831e+02 -4.338630091143126322e+01 3.518480796090949200e+16 3.518480796090951600e+16
3.070993391559059091e+02 -4.235804562994216127e+01 3.070971173747882403e+02 -4.235868878444675545e+01 3.518483018232671200e+16 3.518483018232671200e+16
3.076239866667255569e+02 -4.404160568478973659e+01 3.076235655647216163e+02 -4.403953496875398343e+01 3.518479919481068000e+16 3.518479919481068800e+16
3.074780981796828314e+02 -4.166270051041549038e+01 3.074806233801215285e+02 -4.166285507983663194e+01 3.518483920847352000e+16 3.518483920847352400e+16
3.073491984167804958e+02 -4.051564724405407958e+01 3.073513383091620881e+02 -4.051631056794844454e+01 3.518486205484462000e+16 3.518486205484462000e+16
3.072800102531405173e+02 -4.048183340204967351e+01 3.072829122680629439e+02 -4.048023436996927416e+01 3.518486205484530000e+16 3.518486205484534000e+16
3.073072741596233755e+02 -4.047165928763025988e+01 3.073093500223917545e+02 -4.047129431317196691e+01 3.518486205484550000e+16 3.518486205484550000e+16
3.072951355777283311e+02 -4.046424699304104422e+01 3.072980278916172097e+02 -4.046449819208365284e+01 3.518486205484570400e+16 3.518486205484570400e+16
3.073718806434858948e+02 -4.046293659793384023e+01 3.073717032566519833e+02 -4.046146134796387628e+01 3.518486205484572800e+16 3.518486205484572800e+16
3.074024956350645539e+02 -4.045800217860138304e+01 3.074012936041562511e+02 -4.045633179664515211e+01 3.518486205484583200e+16 3.518486205484586800e+16
3.073378588740616237e+02 -4.044770108904184980e+01 3.073343318750493154e+02 -4.044731850644172511e+01 3.518486205484597200e+16 3.518486205484603600e+16
3.073545799898072914e+02 -4.044986394760865522e+01 3.073527719368244107e+02 -4.044876720562599814e+01 3.518486205484600000e+16 3.518486205484600000e+16
3.073431795837872755e+02 -4.043222352676676934e+01 3.073434723939390096e+02 -4.042966996538158497e+01 3.518486205484609600e+16 3.518486205484630000e+16
3.072855605383671218e+02 -4.039199147728918149e+01 3.072866273490535036e+02 -4.039434398921501668e+01 3.518486205484611200e+16 3.518486205484629200e+16
3.072152824689866861e+02 -4.043479970618054864e+01 3.072120542875433102e+02 -4.043456312782885931e+01 3.518486205484647200e+16 3.518486205065170400e+16
3.072834848883908307e+02 -4.039614043865318394e+01 3.072814173731201777e+02 -4.039486168456073045e+01 3.518486205484705200e+16 3.518486205484705200e+16
3.074220813691857757e+02 -4.039548265523202275e+01 3.074211042646203964e+02 -4.039603572133560050e+01 3.518486205484705600e+16 3.518486205484705600e+16
3.074911444866100965e+02 -4.436721205149128622e+01 3.074915015483919092e+02 -4.436832534474530831e+01 3.518479483692675200e+16 3.518479483692675600e+16
3.078778578240925299e+02 -4.433622063917636069e+01 3.078807209253740211e+02 -4.433729227858800215e+01 3.518479484112184800e+16 3.518479484112185200e+16
3.085023920102970578e+02 -4.355481980923936192e+01 3.085024128392123544e+02 -4.355315792592398338e+01 3.518480797768265600e+16 3.518480797768265600e+16
3.089117886054374367e+02 -4.135441693792169104e+01 3.089108833067571140e+02 -4.135456288760038035e+01 3.518484831430308800e+16 3.518484831430309200e+16
3.086477732891713686e+02 -4.451989979147050036e+01 3.086491466975175513e+02 -4.452003347007256195e+01 3.518479051679596400e+16 3.518479051679596400e+16
3.088416309902740409e+02 -4.150605797615666148e+01 3.088408885631329781e+02 -4.150529428178850111e+01 3.518484376348593200e+16 3.518484376348593200e+16
3.089268360120842090e+02 -4.146004834514059922e+01 3.089271790387130636e+02 -4.146274838303023103e+01 3.518484376348675600e+16 3.518484376348678400e+16
3.082490460949215958e+02 -4.130342727311875706e+01 3.082502664319618475e+02 -4.130446780503100257e+01 3.518484830591567200e+16 3.518484830591567600e+16
3.083649152625285410e+02 -4.453687170113780525e+01 3.083640504629340739e+02 -4.453450585726111655e+01 3.518479051260095200e+16 3.518479051260232000e+16
3.086005756694178217e+02 -4.449942333387637916e+01 3.086028274770911253e+02 -4.449782526691684836e+01 3.518479051260314400e+16 3.518479051260315200e+16
3.082652882073942351e+02 -4.234141010461598853e+01 3.082640138422743803e+02 -4.234268543752538250e+01 3.518483019910436000e+16 3.518483019910436800e+16
3.081620423812981926e+02 -4.376705766941687159e+01 3.081630801570883591e+02 -4.376486007907688247e+01 3.518480357785885600e+16 3.518480357785892400e+16
