1.902846479370060990e+02 -9.648594326389316578e+00 1.902862150344988095e+02 -9.648654416161990710e+00 3.518552634451582000e+16 3.518552634451582000e+16
1.907656777986463794e+02 -9.244606418233727751e+00 1.907642777279443465e+02 -9.245593460009009945e+00 3.518553827731314000e+16 3.518553827731314000e+16
1.901825993321105273e+02 -9.561871747183804615e+00 1.901826385655993192e+02 -9.559574193620465010e+00 3.518553230462237600e+16 3.518553230462240400e+16
1.910130497799910643e+02 -9.628308014618275124e+00 1.910132958175669557e+02 -9.626184566398569231e+00 3.518552635709946400e+16 3.518552635709946800e+16
1.697679466321966686e+02 -9.054006122726969252e+00 1.697689950433289710e+02 -9.054177520060330053e+00 3.518554389767909600e+16 3.518554389767909600e+16
1.694629350673681643e+02 -9.566461601909463042e+00 1.694645721461121468e+02 -9.565256682706156255e+00 3.518553196068911200e+16 3.518553196068912800e+16
1.698832624454986444e+02 -9.541907220435390968e+00 1.698820114043907665e+02 -9.543349258990724948e+00 3.518553196907830800e+16 3.518553196907831200e+16
1.752328813612332397e+02 -4.148602868685827616e+00 1.752310249769357995e+02 -4.148009686313047339e+00 3.518565804986004800e+16 3.518565804986004800e+16
1.754045271582827468e+02 -4.651663646897846505e+00 1.754019443927531370e+02 -4.651344922739724552e+00 3.518564600381858400e+16 3.518564600381859200e+16
1.761680494873434668e+02 -3.262833735645215061e+00 1.761656097046391380e+02 -3.263645063211626063e+00 3.518568219227190400e+16 3.518568219227196400e+16
1.778512585282236955e+02 -2.073841589344013414e+00 1.778524376352323770e+02 -2.074924171390696515e+00 3.518571241642519600e+16 3.518571241642519600e+16
1.778877320904796306e+02 -3.789180695804182264e+00 1.778850448851110855e+02 -3.789330073374376440e+00 3.518567015881288000e+16 3.518567015881288400e+16
1.772112300391824249e+02 -4.135301401376739960e+00 1.772105154041022104e+02 -4.135131675380972816e+00 3.518565808341527600e+16 3.518565808341528000e+16
1.775679116805480930e+02 -2.466646146569588804e+00 1.775668880778264338e+02 -2.464736555337977197e+00 3.518570033263730400e+16 3.518570033263733200e+16
1.786170617730590493e+02 -4.197201505697177204e+00 1.786152657858607427e+02 -4.196947833520360049e+00 3.518565810857903600e+16 3.518565810857904000e+16
1.786290412272122978e+02 -4.451567415895674173e+00 1.786281803978098708e+02 -4.450346338864866524e+00 3.518565208136422000e+16 3.518565208136422000e+16
1.788258158399947320e+02 -3.808167680960935719e+00 1.788272177742228166e+02 -3.809573255323353447e+00 3.518567017558965600e+16 3.518567017558966000e+16
1.785931111420831030e+02 -1.863347065429272975e+00 1.785941659859123263e+02 -1.861822120371219302e+00 3.518571846880492800e+16 3.518571846880496400e+16
1.785688610147323061e+02 -1.823568339265589255e+00 1.785708044143617030e+02 -1.822692567736854397e+00 3.518571846880580800e+16 3.518571846880580800e+16
1.781868250148692425e+02 -2.303574605775676076e+00 1.781855726977368590e+02 -2.302946248790854522e+00 3.518570638082209600e+16 3.518570638082210400e+16
1.787107991776916265e+02 -2.258979098645043315e+00 1.787104809385980673e+02 -2.256794405642965184e+00 3.518570638921136000e+16 3.518570638921136000e+16
1.794060176011320209e+02 -4.195777801001614016e+00 1.794046946239160434e+02 -4.194822464345693724e+00 3.518565812116276000e+16 3.518565812116276000e+16
1.790136094961216315e+02 -4.054462216059874002e+00 1.790120069375571461e+02 -4.052677056185182813e+00 3.518566414837524800e+16 3.518566414837524800e+16
1.795802526879899688e+02 -4.216546200484727613e+00 1.795824730426812721e+02 -4.216969798471275510e+00 3.518565812535648800e+16 3.518565812535648800e+16
1.790881581422530076e+02 -4.825901548129452934e+00 1.790861441858023682e+02 -4.824122074494953338e+00 3.518564606673047200e+16 3.518564606673050800e+16
1.872443495094175603e+02 -8.168397310611140938e+00 1.872438616011083354e+02 -8.167089308656166224e+00 3.518556211773836800e+16 3.518556211773836800e+16
1.875160735342301166e+02 -7.441453337493191711e+00 1.875182396758757477e+02 -7.440361826260227573e+00 3.518558009033076800e+16 3.518558009033085600e+16
1.880524431660888069e+02 -7.630770390508400780e+00 1.880532844446872787e+02 -7.628451343433209964e+00 3.518557410506131200e+16 3.518557410506131200e+16
1.873378016479549899e+02 -8.989920807810504400e+00 1.873363005015095553e+02 -8.990364497053320747e+00 3.518554419128127200e+16 3.518554419128127200e+16
1.872623817995090576e+02 -7.730297982920292910e+00 1.872633254098353461e+02 -7.731183283549245999e+00 3.518557409247569200e+16 3.518557409247569200e+16
1.873501963595155644e+02 -7.721032329615109546e+00 1.873509792328123069e+02 -7.718983472772735333e+00 3.518557409667036400e+16 3.518557409667041600e+16
1.881394522161850773e+02 -9.182753904791034927e+00 1.881372553522590465e+02 -9.183236787208754137e+00 3.518553823537048800e+16 3.518553823537048800e+16
1.889212202011529769e+02 -9.352661505604647374e+00 1.889203378472195993e+02 -9.350513747045120283e+00 3.518553824795082000e+16 3.518553824795082000e+16
1.832994161911422282e+02 -5.273010138782418643e+00 1.832977717441766856e+02 -5.273943564766705450e+00 3.518563409199294800e+16 3.518563409199295200e+16
1.839207197381234948e+02 -5.826672128177518672e+00 1.839214773100548257e+02 -5.825324778526981717e+00 3.518562206692220800e+16 3.518562206692220800e+16
1.841634366615430451e+02 -8.953822583556044989e+00 1.841627416687981338e+02 -8.951379958433191675e+00 3.518554413675582800e+16 3.518554413675588400e+16
1.842545848754507745e+02 -5.112700337200440259e+00 1.842568841803356747e+02 -5.111745964026382261e+00 3.518564012759476800e+16 3.518564012759476800e+16
1.845765137981759949e+02 -5.671629250844666181e+00 1.845761128548805061e+02 -5.669525876608179971e+00 3.518562207950811200e+16 3.518562207950814800e+16
1.841108608524751276e+02 -6.929901427691380178e+00 1.841120151125282973e+02 -6.929198384261188615e+00 3.518559203151412400e+16 3.518559203151412400e+16
1.849356318629479006e+02 -5.730938289689603060e+00 1.849341950290657337e+02 -5.728714319860542581e+00 3.518562208370144000e+16 3.518562208370146400e+16
1.850345173622923198e+02 -8.158953370908752945e+00 1.850323429517763714e+02 -8.158413931573905487e+00 3.518556207998961200e+16 3.518556207998962000e+16
1.802935355281389036e+02 -6.298752133243057827e+00 1.802937228621833299e+02 -6.300209281052552512e+00 3.518560998313336800e+16 3.518560998313337200e+16
1.800298579163978729e+02 -6.257003364808272572e+00 1.800287868503863820e+02 -6.256151621566736765e+00 3.518560997894002400e+16 3.518560997894003200e+16
1.800966263174806841e+02 -6.246198402894451718e+00 1.800960759170073118e+02 -6.248412806278947684e+00 3.518560997894023600e+16 3.518560997894024000e+16
1.805202606926366684e+02 -7.761849847430009497e+00 1.805192405936071509e+02 -7.759738617294735796e+00 3.518557398342279200e+16 3.518557398342279200e+16
1.807914225814075735e+02 -8.541373182352936411e+00 1.807920929995636925e+02 -8.540373255433474142e+00 3.518555603180081200e+16 3.518555603180081600e+16
1.808609916516433316e+02 -8.431736290655994281e+00 1.808615849288916024e+02 -8.431740286969789722e+00 3.518555603180266000e+16 3.518555603180266400e+16
1.803977339526583989e+02 -7.753703058226260048e+00 1.803965393833399276e+02 -7.753088821492822191e+00 3.518557397922865600e+16 3.518557397922865600e+16
1.801912038996696879e+02 -5.577901358635300788e+00 1.801895241400128214e+02 -5.578792893103344142e+00 3.518562801864004800e+16 3.518562801864005200e+16
1.858120552085079851e+02 -6.058414638167122668e+00 1.858134890678247189e+02 -6.056670580046838559e+00 3.518561608584570800e+16 3.518561608584574400e+16
1.858551564861834038e+02 -6.887647163161328301e+00 1.858544705076649279e+02 -6.885549324470924049e+00 3.518559206087480400e+16 3.518559206087484000e+16
1.855713546862913006e+02 -8.707965613372243396e+00 1.855696327677319459e+02 -8.706755427667902225e+00 3.518555013461140800e+16 3.518555013461142800e+16
1.854688022248570576e+02 -5.680605030984328785e+00 1.854707163557650347e+02 -5.680088942573093824e+00 3.518562209209080000e+16 3.518562209209080400e+16
1.857717012430656496e+02 -8.965342003442724916e+00 1.857734190229126341e+02 -8.965817614659862045e+00 3.518554416192186400e+16 3.518554416192186800e+16
1.852297179856379614e+02 -9.211069962657058241e+00 1.852309980060639703e+02 -9.210900914222301950e+00 3.518553818503891200e+16 3.518553818503891200e+16
1.857505969758786648e+02 -5.422998911757026086e+00 1.857494917107216281e+02 -5.421572698226712284e+00 3.518562811091800800e+16 3.518562811091801200e+16
1.851859071335626652e+02 -9.025517117991427085e+00 1.851843172220403062e+02 -9.026075714985051235e+00 3.518554415353301200e+16 3.518554415353301200e+16
1.852596757961337346e+02 -8.878717571140308351e+00 1.852574207504572428e+02 -8.879229016060431690e+00 3.518554415353576800e+16 3.518554415353577200e+16
1.856153981837935589e+02 -5.286532684651807479e+00 1.856156150545344872e+02 -5.288628532303969898e+00 3.518563412974160000e+16 3.518563412974160000e+16
1.816411119512523555e+02 -9.340111667909884119e+00 1.816396799975240128e+02 -9.341652673852225419e+00 3.518553812631588800e+16 3.518553812631589200e+16
1.815589033893239161e+02 -7.459603933853212077e+00 1.815593436921096497e+02 -7.461439215529676261e+00 3.518557999386224000e+16 3.518557999386224400e+16
1.816643278983637231e+02 -6.139117162260951055e+00 1.816628551465544774e+02 -6.137535024406142625e+00 3.518561000410860800e+16 3.518561000410863600e+16
1.818802018181289668e+02 -8.050732853374940490e+00 1.818775737955669456e+02 -8.050581399217968226e+00 3.518556801492743600e+16 3.518556801492744000e+16
1.864319121494920068e+02 -9.509158228692614401e+00 1.864317741125345549e+02 -9.510169830637877908e+00 3.518553224170708800e+16 3.518553224170709200e+16
1.867436030298320304e+02 -8.554756420040494191e+00 1.867449294381789855e+02 -8.557087626667755131e+00 3.518555612826942000e+16 3.518555612826943600e+16
1.863528355756799613e+02 -9.039507195345480639e+00 1.863547280669092743e+02 -9.038515844335352156e+00 3.518554417450336800e+16 3.518554417450338400e+16
1.822940421791125232e+02 -5.797814267395880350e+00 1.822939957962418021e+02 -5.798506332838284649e+00 3.518562204175699200e+16 3.518562204175699200e+16
1.827929627162726263e+02 -7.230252110605932536e+00 1.827932195340298733e+02 -7.228095147489836947e+00 3.518558601268725600e+16 3.518558601268730400e+16
1.830287820721813432e+02 -8.252033294155559418e+00 1.830264018348103150e+02 -8.252609624683179490e+00 3.518556204643362800e+16 3.518556204643363200e+16
1.830148935702230517e+02 -7.480959408437594327e+00 1.830126069707724810e+02 -7.480460526679378219e+00 3.518558001483302800e+16 3.518558001483303200e+16
1.831212909633078425e+02 -3.295656521278379270e+00 1.831199089619250628e+02 -3.296136794058276642e+00 3.518568230971132000e+16 3.518568230971132400e+16
1.841916687792229084e+02 -4.303719831380191430e+00 1.841927890306894540e+02 -4.304216870917902504e+00 3.518565820085174800e+16 3.518565820085174800e+16
1.807044117077597605e+02 -3.247660110947563350e+00 1.807051809204118342e+02 -3.246882868957093216e+00 3.518568226776984000e+16 3.518568226776984400e+16
1.802177259120743713e+02 -2.517517757342461415e+00 1.802157447520141034e+02 -2.516467968663900656e+00 3.518570037457938000e+16 3.518570037457941600e+16
1.809781363084731538e+02 -3.184703878341937244e+00 1.809778265172257079e+02 -3.186877674148349548e+00 3.518568227196548000e+16 3.518568227196548000e+16
1.809793463945341045e+02 -2.098188434115548784e+00 1.809775168454399079e+02 -2.096629749523049924e+00 3.518571246675635200e+16 3.518571246675638000e+16
1.801494853490786738e+02 -1.292853781137318858e+00 1.801501022128040574e+02 -1.292738841341445788e+00 3.518573057356755200e+16 3.518573057356755200e+16
1.802234009374065522e+02 -1.210478651721087040e+00 1.802239327108053146e+02 -1.212151657002275895e+00 3.518573057356906000e+16 3.518573057356906400e+16
1.809617883754970364e+02 -1.599272389609846190e+00 1.809617453743979922e+02 -1.596878823049667995e+00 3.518572454635164000e+16 3.518572454635168000e+16
1.808734297083618401e+02 -3.736298002484674363e+00 1.808723171182454053e+02 -3.734137478354204287e+00 3.518567020914588000e+16 3.518567020914594000e+16
1.808197423877750794e+02 -2.462418924199443193e+00 1.808188749812327387e+02 -2.462329403039536846e+00 3.518570038716347200e+16 3.518570038716347600e+16
1.819217723446315063e+02 -3.685212900849200501e+00 1.819227135154280859e+02 -3.684925031465403400e+00 3.518567022592370400e+16 3.518567022592370400e+16
1.810605624369997599e+02 -4.755775160212366792e+00 1.810600834443669100e+02 -4.754533467737704022e+00 3.518564610028618400e+16 3.518564610028618400e+16
1.828716510415300149e+02 -3.401342113348895246e+00 1.828705977995875855e+02 -3.398964410828849481e+00 3.518567627411120400e+16 3.518567627411120800e+16
1.825635336869002856e+02 -2.180801360896980956e+00 1.825657414126494871e+02 -2.179718221393424749e+00 3.518570645632244800e+16 3.518570645632246400e+16
1.821460897441313307e+02 -2.723457254275419626e+00 1.821471939623166350e+02 -2.724630081834480411e+00 3.518569436833717600e+16 3.518569436833717600e+16
1.827335882598232502e+02 -4.040462617507158072e+00 1.827357207140181572e+02 -4.040715185320162384e+00 3.518566420709546400e+16 3.518566420709546400e+16
1.826050410510309518e+02 -3.990481433890628260e+00 1.826069886707640535e+02 -3.989123298528816974e+00 3.518566420709632000e+16 3.518566420709633600e+16
1.829850049862808419e+02 -4.493642427383888638e+00 1.829832430834430284e+02 -4.493620499274824986e+00 3.518565215266631200e+16 3.518565215266631200e+16
1.820024005792202502e+02 -3.068129510202297627e+00 1.820004487071198298e+02 -3.067323288177125296e+00 3.518568832853709200e+16 3.518568832853709600e+16
1.754247528434114827e+02 -7.357872167097348814e+00 1.754231554912257707e+02 -7.356904719356810674e+00 3.518558588685547600e+16 3.518558588685552000e+16
1.754068092698752537e+02 -5.846609894551559883e+00 1.754090793402089616e+02 -5.845172934889574456e+00 3.518562192431571600e+16 3.518562192431574400e+16
1.751988937128696193e+02 -8.795729630236504448e+00 1.751970281130414548e+02 -8.796925796790432628e+00 3.518554996264286400e+16 3.518554996264286400e+16
1.755315955538656283e+02 -9.076196630721817371e+00 1.755304042890906260e+02 -9.075721174052612028e+00 3.518554399414742800e+16 3.518554399414744000e+16
1.751138157307689198e+02 -6.340399853388079876e+00 1.751157490799228924e+02 -6.341287242677117852e+00 3.518560989505204400e+16 3.518560989505204400e+16
1.751615631250448644e+02 -6.211963940914468019e+00 1.751608451224234102e+02 -6.213271456189279895e+00 3.518560989505448800e+16 3.518560989505449200e+16
1.757423159908941557e+02 -6.202488730621849911e+00 1.757408813443238671e+02 -6.201179142516930476e+00 3.518560990763744800e+16 3.518560990763748400e+16
1.717016977150064747e+02 -7.745193105060424799e+00 1.717003897587472636e+02 -7.746631125516261207e+00 3.518557383662272800e+16 3.518557383662273200e+16
1.715618769101251360e+02 -9.308788938860139694e+00 1.715598928233944207e+02 -9.307196632879916720e+00 3.518553795854444000e+16 3.518553795854447200e+16
1.762722907821462002e+02 -6.973054003839618709e+00 1.762698958183662796e+02 -6.972182299203414146e+00 3.518559190149013600e+16 3.518559190149018000e+16
1.762495850698744846e+02 -7.873280668878856581e+00 1.762493982304956432e+02 -7.871709528072392992e+00 3.518557391211735200e+16 3.518557391211735200e+16
1.769657061602718500e+02 -7.412119087120155214e+00 1.769648085079576276e+02 -7.411428051237471948e+00 3.518557991417112000e+16 3.518557991417112000e+16
1.767487195497736252e+02 -8.607642501245679867e+00 1.767469991052921330e+02 -8.605635826620545714e+00 3.518555596469077600e+16 3.518555596469081200e+16
1.775815053731485023e+02 -5.428440495026509716e+00 1.775801297515337183e+02 -5.428255223831078169e+00 3.518562797669980800e+16 3.518562797669980800e+16
1.776785870097530733e+02 -9.129864052492122184e+00 1.776771417456649544e+02 -9.128037290921318103e+00 3.518553805921044000e+16 3.518553805921046800e+16
1.781364311247399144e+02 -7.587658319950461028e+00 1.781388762998491870e+02 -7.586994400125517402e+00 3.518557993513889600e+16 3.518557993513893200e+16
1.782888003793798646e+02 -8.805643834185605812e+00 1.782898718040673032e+02 -8.805944815597529285e+00 3.518555001297421600e+16 3.518555001297421600e+16
1.784547277500623750e+02 -9.036918880102108531e+00 1.784527342791457727e+02 -9.035390023813365090e+00 3.518554404028532000e+16 3.518554404028535200e+16
1.783168786907264405e+02 -5.439720137380779086e+00 1.783185447813506812e+02 -5.438561380555919200e+00 3.518562798928211200e+16 3.518562798928211200e+16
1.782375065143200743e+02 -7.675204647552114068e+00 1.782381876370344571e+02 -7.674772772823726719e+00 3.518557394567616400e+16 3.518557394567616400e+16
1.789504742576545198e+02 -9.341443262108803935e+00 1.789511432148627534e+02 -9.339626890525940084e+00 3.518553808017834400e+16 3.518553808017834800e+16
1.784062252978187928e+02 -7.511293364461434585e+00 1.784068149777813517e+02 -7.512974776223823703e+00 3.518557993933424400e+16 3.518557993933424800e+16
1.783697469073609909e+02 -6.618758401081547227e+00 1.783672493227571181e+02 -6.619102176975964369e+00 3.518560394333405600e+16 3.518560394333406400e+16
1.786034243599372928e+02 -7.890623074542739701e+00 1.786036197437006194e+02 -7.888741584755175396e+00 3.518556796040447200e+16 3.518556796040447600e+16
1.722958099075196685e+02 -8.623054627791887583e+00 1.722976970879375358e+02 -8.622853157198127505e+00 3.518555588919304800e+16 3.518555588919304800e+16
1.728615210609077337e+02 -6.479839640699306180e+00 1.728624352077258663e+02 -6.479976245125204315e+00 3.518560385106223600e+16 3.518560385106223600e+16
1.723163534214217805e+02 -8.861742914500302604e+00 1.723165757093604782e+02 -8.859177976752713235e+00 3.518554991231004800e+16 3.518554991231009600e+16
1.723504901588885332e+02 -8.641189043517091051e+00 1.723522850759328833e+02 -8.640490288176135181e+00 3.518554991231428400e+16 3.518554991231428800e+16
1.728190860779815807e+02 -8.832487871003337432e+00 1.728179156568826897e+02 -8.832324621123960995e+00 3.518554992069920400e+16 3.518554992069920800e+16
1.793628149899386699e+02 -9.007035636487970010e+00 1.793617698468285653e+02 -9.008272438682224603e+00 3.518554405706381600e+16 3.518554405706381600e+16
1.798377485826373174e+02 -5.486434374955547533e+00 1.798381594046958583e+02 -5.486043824676058556e+00 3.518562801444734400e+16 3.518562801444734800e+16
1.792976783012069575e+02 -8.074259737331635378e+00 1.792955537095790532e+02 -8.073869067978021619e+00 3.518556797298373600e+16 3.518556797298374000e+16
1.792447496248162224e+02 -7.799978978480229586e+00 1.792422972598078559e+02 -7.799013053072104462e+00 3.518557396245031600e+16 3.518557395825616800e+16
1.796638548036590350e+02 -5.373341056301291552e+00 1.796623394425166396e+02 -5.373983085429824946e+00 3.518563402907654800e+16 3.518563402907654800e+16
1.792507677592151936e+02 -7.133967768315589986e+00 1.792530853587985007e+02 -7.133810181479331547e+00 3.518558595396848800e+16 3.518558595396848800e+16
1.792091502155142564e+02 -7.433340217273899597e+00 1.792088027521964761e+02 -7.432957918291458910e+00 3.518557995191872800e+16 3.518557995191873200e+16
1.795905025023264727e+02 -7.685954229878687372e+00 1.795928483206997726e+02 -7.686248971115385409e+00 3.518557396664720800e+16 3.518557396664720800e+16
1.795983022054298885e+02 -6.653418271394348160e+00 1.795987844171239090e+02 -6.653738719526649525e+00 3.518559795806619200e+16 3.518559795806619200e+16
1.797753050315477026e+02 -9.335301205905913946e+00 1.797767530447029856e+02 -9.333758111460348061e+00 3.518553809695594800e+16 3.518553809695596400e+16
1.735844858603089449e+02 -8.244748230504166386e+00 1.735825723871916750e+02 -8.243976041465192139e+00 3.518556189124465200e+16 3.518556189124465600e+16
1.730308714637514242e+02 -7.511807029511246014e+00 1.730308343534481423e+02 -7.512088922627414789e+00 3.518557985125404800e+16 3.518557985125404800e+16
1.734233630099164429e+02 -7.447708292012963582e+00 1.734228429485477250e+02 -7.449063542467919241e+00 3.518557985544967600e+16 3.518557985544967600e+16
1.748095784662143046e+02 -7.749014242356166982e+00 1.748082067904040287e+02 -7.751053781610704796e+00 3.518557388695395200e+16 3.518557388695395600e+16
1.741433734057332856e+02 -6.793962636951825118e+00 1.741446722860405885e+02 -6.794646035778949766e+00 3.518559786578873200e+16 3.518559786578873600e+16
1.749245328365483658e+02 -5.909507375522496275e+00 1.749264840687666265e+02 -5.910932621124087127e+00 3.518561590129828400e+16 3.518561590129828400e+16
1.746946258207822780e+02 -9.005432185037127724e+00 1.746959011810535571e+02 -9.003666784728162398e+00 3.518554398156599200e+16 3.518554398156603200e+16
1.747140765981832260e+02 -8.096263145961327012e+00 1.747164555156879260e+02 -8.095022975399864151e+00 3.518556789748591200e+16 3.518556789748591200e+16
1.743322862891026546e+02 -6.426278916832075971e+00 1.743313081208194717e+02 -6.424274620297746097e+00 3.518560387622905200e+16 3.518560387622911200e+16
1.707689698164959964e+02 -9.712499669095477017e+00 1.707686718679475746e+02 -9.709783221721023594e+00 3.518552602155422800e+16 3.518552602155425600e+16
1.700812446609707536e+02 -9.299090118326180487e+00 1.700810061838069203e+02 -9.297659888007405726e+00 3.518553793337913200e+16 3.518553793337913200e+16
