2.727089436064667325e+02 8.070027874392938827e+01 2.727135434665270850e+02 8.069872255491240765e+01 3.519152912334984000e+16 3.519152912334984000e+16
2.728743009066626541e+02 8.148129971342227407e+01 2.728657582605166567e+02 8.148334790452715026e+01 3.519153195450527200e+16 3.519153195450527600e+16
2.848912708113240342e+02 6.910544552453377776e+01 2.848875362997909519e+02 6.910425962092240582e+01 3.519145482125714800e+16 3.519145482125715600e+16
2.877270550051624127e+02 6.822067939776623291e+01 2.877225253552563231e+02 6.822181133223520533e+01 3.519144820264318400e+16 3.519144820264318800e+16
2.842755553470914265e+02 6.909567582008592979e+01 2.842708565996668995e+02 6.909417435039677002e+01 3.519145481706264400e+16 3.519145481706264400e+16
2.818434127544248895e+02 6.598697045982336817e+01 2.818471335673223734e+02 6.598668496012143692e+01 3.519142695429991600e+16 3.519142695429992000e+16
2.867270385350477113e+02 6.935107975567571259e+01 2.867256695567108409e+02 6.934897344136678043e+01 3.519145699390671200e+16 3.519145699390671200e+16
2.877191985593391905e+02 6.588451710309091425e+01 2.877197344409123616e+02 6.588723281472560700e+01 3.519142699624064800e+16 3.519142699624070400e+16
2.877205627646686708e+02 6.588800432183751354e+01 2.877197344409123616e+02 6.588723281472560700e+01 3.519142699624070400e+16 3.519142699624070400e+16
2.864103704023672208e+02 6.784059558115653488e+01 2.864103698259072530e+02 6.784126524108198453e+01 3.519144364763125200e+16 3.519144364763125200e+16
2.884940084690813933e+02 6.780508104783937995e+01 2.884956332854048924e+02 6.780481187210506278e+01 3.519144366021341200e+16 3.519144366021341200e+16
2.883683118962848084e+02 6.682445788740021442e+01 2.883708284939787632e+02 6.682454351925481717e+01 3.519143429013866400e+16 3.519143429013866800e+16
2.820054414625597587e+02 6.632989420938871206e+01 2.820066292981604761e+02 6.632845120167114317e+01 3.519142941216323200e+16 3.519142941216323200e+16
2.875350198202765455e+02 6.723257293055623052e+01 2.875334019267228314e+02 6.723006196174131333e+01 3.519143901711766000e+16 3.519143901711766400e+16
2.874273432890609001e+02 6.728138747176340928e+01 2.874344546819855282e+02 6.728140939004330789e+01 3.519143901711803200e+16 3.519143901711886000e+16
2.875359913824917726e+02 6.734942762786783987e+01 2.875346182804422028e+02 6.735136281875838904e+01 3.519143901712000800e+16 3.519143901712000800e+16
2.849863763150407863e+02 6.722864606618765038e+01 2.849792999953724575e+02 6.722863112968455823e+01 3.519143900034061200e+16 3.519143900034061600e+16
2.850921276205107233e+02 6.768242552168729276e+01 2.850909915944786803e+02 6.768459671983249848e+01 3.519144363923985600e+16 3.519144363923986000e+16
2.891322221276703317e+02 6.705836725242667740e+01 2.891280208147036888e+02 6.705939905411482016e+01 3.519143667250330000e+16 3.519143667250330400e+16
2.844956679916556368e+02 6.824782400745033328e+01 2.845013076177849598e+02 6.824862951498971597e+01 3.519144818586642400e+16 3.519144818586642800e+16
2.874991473761883185e+02 6.667096986319823770e+01 2.875042345380916231e+02 6.667253378676896602e+01 3.519143428174734400e+16 3.519143428174734400e+16
2.851669848199992998e+02 6.659358586081619080e+01 2.851697118349782158e+02 6.659574510230051203e+01 3.519143186163702000e+16 3.519143186163708000e+16
2.873794670654881429e+02 6.611896041366549071e+01 2.873848750175932878e+02 6.611873615201623977e+01 3.519142699205005200e+16 3.519142699205006400e+16
2.872805201738622145e+02 6.607962455136043900e+01 2.872780843603298422e+02 6.607999922459998743e+01 3.519142699205009200e+16 3.519142699205009200e+16
2.860486360732585354e+02 6.871626469769024936e+01 2.860498999757562046e+02 6.871590581147273724e+01 3.519145264021692800e+16 3.519145264021692800e+16
2.845211617336020709e+02 6.590893313152407984e+01 2.845255118764387134e+02 6.591102447890287408e+01 3.519142697526952800e+16 3.519142697526964400e+16
2.846941994190606238e+02 6.699008501040077590e+01 2.846929417772774400e+02 6.698864742881981726e+01 3.519143664314176800e+16 3.519143664314176800e+16
2.888590832218524156e+02 6.559090387110471454e+01 2.888607842763867666e+02 6.559339938374660051e+01 3.519142202179993200e+16 3.519142202179996400e+16
2.845121647899241566e+02 6.681797279890477625e+01 2.845168884602921935e+02 6.681742556298104319e+01 3.519143426497247200e+16 3.519143426497247200e+16
2.876165210831062495e+02 6.613518021985345285e+01 2.876198273210496836e+02 6.613712177510376478e+01 3.519142944990849600e+16 3.519142944990870400e+16
2.873464509801939357e+02 6.613441204225406977e+01 2.873494249622183929e+02 6.613414590213245958e+01 3.519142944990867200e+16 3.519142944990867200e+16
2.872910887501446382e+02 6.613612627804930355e+01 2.872932293063927887e+02 6.613816761569000846e+01 3.519142944990868800e+16 3.519142944990869200e+16
2.823253238006131483e+02 6.778602815007808147e+01 2.823233694148569839e+02 6.778718441234352099e+01 3.519144362246424400e+16 3.519144362246424400e+16
2.873616956095146406e+02 6.756873573683371603e+01 2.873652580509757968e+02 6.756720739084346405e+01 3.519144134495797600e+16 3.519144134495797600e+16
2.850663764508568079e+02 6.872230365881442538e+01 2.850643307770208708e+02 6.871987198196434576e+01 3.519145263602148000e+16 3.519145263602169600e+16
2.889398984971595041e+02 6.821670105882971313e+01 2.889443877642842722e+02 6.821576729386310944e+01 3.519144821103162400e+16 3.519144821103162400e+16
2.839964588792777249e+02 6.757198663131428873e+01 2.839983385250301353e+02 6.757440224682623864e+01 3.519144132398664800e+16 3.519144132398669200e+16
2.873254427426320490e+02 6.728279244009202387e+01 2.873253551576930818e+02 6.728085527498528506e+01 3.519143901292426400e+16 3.519143901292426400e+16
2.867057698088854636e+02 6.515902181153366257e+01 2.867025302962094315e+02 6.515977559017956366e+01 3.519141947585393600e+16 3.519141947585393600e+16
2.863542635013842528e+02 6.909292465628125512e+01 2.863529613585635047e+02 6.909331508750948103e+01 3.519145482964587200e+16 3.519145482964587200e+16
2.853162012017461961e+02 6.978059860898586919e+01 2.853224310746433616e+02 6.978109606219088334e+01 3.519146123015199600e+16 3.519146123015200400e+16
2.824850377101294612e+02 6.802775726910068954e+01 2.824865964112037204e+02 6.802539458875870082e+01 3.519144590835953600e+16 3.519144590835953600e+16
2.814559281255911856e+02 6.804077814425556880e+01 2.814572881082922891e+02 6.804320155411394921e+01 3.519144590416570400e+16 3.519144590416570800e+16
2.894290669998723615e+02 6.794438575128890534e+01 2.894307937085951608e+02 6.794673879326286681e+01 3.519144595449585600e+16 3.519144595449586000e+16
2.802568817596698523e+02 6.729924800411269814e+01 2.802580979801167018e+02 6.729860090756780266e+01 3.519143896678656000e+16 3.519143896678656400e+16
2.828602628091443307e+02 6.684613313103355381e+01 2.828568134716845179e+02 6.684735397962565173e+01 3.519143425238995600e+16 3.519143425238995600e+16
2.808812016205976079e+02 7.674744508912682761e+01 2.808890942515037636e+02 7.674847723678276168e+01 3.519151013154208400e+16 3.519151013154210400e+16
2.838987113827290045e+02 7.787725192052221246e+01 2.839015956280235287e+02 7.787628947625336195e+01 3.519151679628920800e+16 3.519151679628921200e+16
2.839594376753742608e+02 7.740684806917751359e+01 2.839662280474993850e+02 7.740763853873518485e+01 3.519151421259828800e+16 3.519151421259828800e+16
2.810631058885124389e+02 7.873430287991595833e+01 2.810710203456540057e+02 7.873497314034244710e+01 3.519152047888974800e+16 3.519152047888975200e+16
2.801480096453665283e+02 7.541987698531625028e+01 2.801467280233781594e+02 7.542038062909180951e+01 3.519150284603466000e+16 3.519150284603466400e+16
2.849133775514291074e+02 7.760868834355078150e+01 2.849221022723183978e+02 7.760975193176045650e+01 3.519151421679414800e+16 3.519151421679415600e+16
2.809164686452259048e+02 7.901333647765022761e+01 2.809220494625996594e+02 7.901200069475044074e+01 3.519152164910090400e+16 3.519152164910090400e+16
2.724988751775041464e+02 7.658252404672822422e+01 2.725036480500741050e+02 7.658417907181645035e+01 3.519150869289694400e+16 3.519150869289694400e+16
2.718065875414890797e+02 7.815584410140431260e+01 2.718119339068691147e+02 7.815724036008836606e+01 3.519151800844335200e+16 3.519151800844335200e+16
2.712924838629230067e+02 7.540185468078304609e+01 2.712913622085725365e+02 7.540017103622164996e+01 3.519150280828565200e+16 3.519150280828565200e+16
2.710383984627795257e+02 7.556425514599544613e+01 2.710415380895836392e+02 7.556392836664512913e+01 3.519150280828826000e+16 3.519150280828826000e+16
2.730664861066707658e+02 7.523824798489748389e+01 2.730595335884631822e+02 7.523981192766241577e+01 3.519150128156039200e+16 3.519150128156040400e+16
2.708450810066181589e+02 7.943014197934570575e+01 2.708334295132438001e+02 7.943141132086046241e+01 3.519152388885785600e+16 3.519152388885788800e+16
2.772113621264375638e+02 7.692462038126122081e+01 2.772048058976317293e+02 7.692347178006760089e+01 3.519151149888381200e+16 3.519151149888381200e+16
2.782616017834126865e+02 7.713659559507740937e+01 2.782570169523779100e+02 7.713870654130323601e+01 3.519151285783781600e+16 3.519151285783785600e+16
2.735276918250956442e+02 7.788236772524908247e+01 2.735230151481046050e+02 7.788305482792168277e+01 3.519151675854051200e+16 3.519151675854051200e+16
2.733919827478927118e+02 7.754263514861646911e+01 2.733891798556745130e+02 7.754201399442179365e+01 3.519151417065708800e+16 3.519151417065709200e+16
2.764350166853336077e+02 7.986842858825949065e+01 2.764302724576295986e+02 7.986729781324817168e+01 3.519152500035134000e+16 3.519152500035134000e+16
2.775616741337382791e+02 7.603406619784405507e+01 2.775675591536754609e+02 7.603603230274632097e+01 3.519150582399205200e+16 3.519150582399205600e+16
2.768732412864177945e+02 7.540475026485816556e+01 2.768799371157157907e+02 7.540366570949015568e+01 3.519150282925724000e+16 3.519150282925724000e+16
2.762039713995774264e+02 7.845120815136020553e+01 2.762094531142893743e+02 7.845075001917170709e+01 3.519151925834673200e+16 3.519151925834673200e+16
2.775227344856356240e+02 7.581375141926919525e+01 2.775151118063852778e+02 7.581475458897368469e+01 3.519150433920900800e+16 3.519150433920901600e+16
2.788995274053931439e+02 6.476071400084040874e+01 2.788939261399893326e+02 6.476140556346642541e+01 3.519141430008474800e+16 3.519141430008478000e+16
2.796942680391197200e+02 6.355980288541564960e+01 2.796978816157835013e+02 6.356199499001891695e+01 3.519140107544428000e+16 3.519140107544522800e+16
2.912371092888404291e+02 7.169438054951930894e+01 2.912382738844013375e+02 7.169268122062376847e+01 3.519147724400332800e+16 3.519147724400332800e+16
2.910585531860257333e+02 7.171549560687857650e+01 2.910667318534205492e+02 7.171530271622837915e+01 3.519147724400365200e+16 3.519147724400365600e+16
2.910730767556837577e+02 7.172335955104277616e+01 2.910681004937888474e+02 7.172374631991729643e+01 3.519147724400376800e+16 3.519147724400377200e+16
2.910788110766985710e+02 7.173043719170686927e+01 2.910765483859039477e+02 7.173214601969050364e+01 3.519147724400386400e+16 3.519147724400386400e+16
2.910407902611055420e+02 7.176904489695066047e+01 2.910354818483018562e+02 7.176994195309528379e+01 3.519147724400455200e+16 3.519147724400455200e+16
2.915323681364790218e+02 7.111353656122476252e+01 2.915263288124245378e+02 7.111534783600387755e+01 3.519147144328355200e+16 3.519147144328356400e+16
2.903177584382645477e+02 7.208517506767505267e+01 2.903170242578024158e+02 7.208656691199159638e+01 3.519147912305318400e+16 3.519147912305318800e+16
2.926428733761512149e+02 7.009437872067516651e+01 2.926402906512091704e+02 7.009370256835362056e+01 3.519146336085953600e+16 3.519146336085954000e+16
2.906874472736382131e+02 7.082605313159106686e+01 2.906823324176988876e+02 7.082766749779062820e+01 3.519146945098903600e+16 3.519146945098905200e+16
2.905425102721897019e+02 7.217580474697956561e+01 2.905414485981430062e+02 7.217770671228441870e+01 3.519148098112756000e+16 3.519148098112756000e+16
2.903676809813755426e+02 7.244847220653677766e+01 2.903733584757973745e+02 7.244888266352842265e+01 3.519148282242739200e+16 3.519148282242739200e+16
2.908495077101755442e+02 7.156820047208323388e+01 2.908567832607294008e+02 7.156806435445426473e+01 3.519147533140271200e+16 3.519147533140271200e+16
2.908348109405560535e+02 7.164798622962220520e+01 2.908354193804689771e+02 7.165029956960835023e+01 3.519147723980831200e+16 3.519147723980834800e+16
2.909693451417802521e+02 7.166625190040534221e+01 2.909636302187373644e+02 7.166630802756034768e+01 3.519147723980866400e+16 3.519147723980868000e+16
2.907708118733478955e+02 7.170682614053158943e+01 2.907734076647187180e+02 7.170924114540565597e+01 3.519147723980923200e+16 3.519147723980932000e+16
2.908865746707770086e+02 7.176384030430990890e+01 2.908913860435285414e+02 7.176536255297975231e+01 3.519147723981020400e+16 3.519147723981022400e+16
2.910043947321113933e+02 7.186645094280642354e+01 2.909968232919510456e+02 7.186759092052854214e+01 3.519147723981149600e+16 3.519147723981149600e+16
2.915827384123676893e+02 7.153685308215042937e+01 2.915905291804356239e+02 7.153778107362080618e+01 3.519147533559632800e+16 3.519147533559632800e+16
2.930130547027124521e+02 5.887816478975022250e+01 2.930087559807469120e+02 5.887955609251660860e+01 3.519134874730506400e+16 3.519134874730518800e+16
2.931600697413139756e+02 5.890762173816825964e+01 2.931579635361346163e+02 5.890549621413457970e+01 3.519134874730527200e+16 3.519134874730557600e+16
2.932054842169076210e+02 5.893293944982333699e+01 2.932094843522120300e+02 5.893330013143947355e+01 3.519134874730648800e+16 3.519134874730651200e+16
2.931931799620561492e+02 5.895321140328645981e+01 2.931922429077575885e+02 5.895079464128983204e+01 3.519134874730680000e+16 3.519134874730680000e+16
2.944803110623433895e+02 5.981441631324387487e+01 2.944829785057394815e+02 5.981510765351779213e+01 3.519135801672165600e+16 3.519135801672165600e+16
2.926011220186655351e+02 5.965854636541385503e+01 2.926034943538001585e+02 5.966075835179713494e+01 3.519135799994053600e+16 3.519135799994058800e+16
2.956588681445411453e+02 5.990134849360206459e+01 2.956638657487621344e+02 5.990170018909110183e+01 3.519136106597656400e+16 3.519136106597664400e+16
2.969125992832668999e+02 5.996930710194666148e+01 2.969157482061184510e+02 5.997050153626003777e+01 3.519136107856136800e+16 3.519136107856136800e+16
2.961082544821797455e+02 5.839389112956287420e+01 2.961048239927754366e+02 5.839260437941616999e+01 3.519134248940360000e+16 3.519134248940363200e+16
2.960868518045405722e+02 5.840926623400984141e+01 2.960852815891299201e+02 5.840760691897339996e+01 3.519134248940437200e+16 3.519134248940437600e+16
2.961423404806564577e+02 5.840806031660454778e+01 2.961396670761158134e+02 5.840937631387312479e+01 3.519134248940438800e+16 3.519134248940438800e+16
2.972190939963666096e+02 5.986495450651267447e+01 2.972218800015699571e+02 5.986373317116964188e+01 3.519135803769502000e+16 3.519135803769502400e+16
2.962552791066208329e+02 5.946775572311236857e+01 2.962566169770868214e+02 5.946913877747861932e+01 3.519135496746062400e+16 3.519135496746062800e+16
2.966411242601334379e+02 5.857313183783563915e+01 2.966455215398811447e+02 5.857423347903849731e+01 3.519134249360252400e+16 3.519134249360252800e+16
2.951843728652357299e+02 5.797683694671083288e+01 2.951803654132324937e+02 5.797718518692710177e+01 3.519133610986943200e+16 3.519133610986943600e+16
2.952912056105231500e+02 5.974501622239747434e+01 2.952944820214730157e+02 5.974534693495209581e+01 3.519135802091463200e+16 3.519135802091463200e+16
2.966059069367588563e+02 6.806649491959730369e+01 2.965992558948273086e+02 6.806711349638231923e+01 3.519144600063519600e+16 3.519144600063520800e+16
2.989214510765409045e+02 6.506055449452642847e+01 2.989191596526729313e+02 6.506069662961427014e+01 3.519141701799500000e+16 3.519141701799500000e+16
2.904869303421116911e+02 6.959442068889006805e+01 2.904946634877358633e+02 6.959425828325781538e+01 3.519145914977915200e+16 3.519145914977916000e+16
2.911084423863398456e+02 6.989172310742620198e+01 2.911095449227317999e+02 6.989063269322754479e+01 3.519146335246783200e+16 3.519146335246783600e+16
2.942776748833318265e+02 6.539481822816715351e+01 2.942771818973370159e+02 6.539640450291864227e+01 3.519142205954513600e+16 3.519142205954513600e+16
2.943424543204460520e+02 6.899824499378318876e+01 2.943479136565485419e+02 6.899786620390943881e+01 3.519145487997510400e+16 3.519145487997514800e+16
2.907920079474484965e+02 6.676413468777064963e+01 2.907935195092581466e+02 6.676276561942381704e+01 3.519143430691502800e+16 3.519143430691502800e+16
2.928727427365619747e+02 6.585745398896490599e+01 2.928708231883239819e+02 6.585526427123362225e+01 3.519142455096566000e+16 3.519142455096566000e+16
2.928329519577266069e+02 6.546071626634466156e+01 2.928379062225154712e+02 6.546091614326113017e+01 3.519142204696350000e+16 3.519142204696350000e+16
2.937795774032463214e+02 6.701136199689366890e+01 2.937798319766590112e+02 6.700890742479678863e+01 3.519143670186277600e+16 3.519143670186278000e+16
2.905619106864210721e+02 6.918844670130718555e+01 2.905676976837877419e+02 6.918904044476347792e+01 3.519145701487477600e+16 3.519145701487480000e+16
2.904624798667901473e+02 6.932765835446676306e+01 2.904640521308223811e+02 6.932634452944341774e+01 3.519145701487768800e+16 3.519145701487769200e+16
2.962740709381350825e+02 6.864664932624749838e+01 2.962772847499761042e+02 6.864677484888042613e+01 3.519145270313004000e+16 3.519145270313004400e+16
2.988224478571471536e+02 6.501226179031041852e+01 2.988198800231959353e+02 6.501430107828691973e+01 3.519141701379996000e+16 3.519141701380002000e+16
2.907888258007077411e+02 6.851527597810942893e+01 2.907943220783407696e+02 6.851532631844395382e+01 3.519145045917976000e+16 3.519145045917976000e+16
2.956713135153903522e+02 6.755582037339571855e+01 2.956696893698067470e+02 6.755454231844258572e+01 3.519144139948443200e+16 3.519144139948443200e+16
2.947807744385279420e+02 6.930336136664189439e+01 2.947758005874084688e+02 6.930351931460452874e+01 3.519145704004268800e+16 3.519145704004268800e+16
2.938593512686287568e+02 6.516874023942642680e+01 2.938615147252754127e+02 6.517121322725569144e+01 3.519141952618602400e+16 3.519141952618607600e+16
2.985490446447230966e+02 6.595868147919276225e+01 2.985431802249433417e+02 6.595976621297008080e+01 3.519142707173924800e+16 3.519142707173926400e+16
2.989275797155577266e+02 6.602762835322130286e+01 2.989327654098247535e+02 6.602838759407664782e+01 3.519142707174036800e+16 3.519142707174038400e+16
2.938351024516393863e+02 6.989005421270749707e+01 2.938318041582009528e+02 6.988886693728983346e+01 3.519146336505055200e+16 3.519146336505055200e+16
2.911010793590117487e+02 6.820620873838166176e+01 2.911030501096125818e+02 6.820756158361209032e+01 3.519144822780884800e+16 3.519144822780884800e+16
2.964660311587672368e+02 6.865908622343431489e+01 2.964621434560307875e+02 6.866075342688678518e+01 3.519145270732434400e+16 3.519145270732436800e+16
2.918173053938873522e+02 6.551175543335658347e+01 2.918123946901347381e+02 6.551275497834788553e+01 3.519142203857578400e+16 3.519142203857578400e+16
2.977887938651912236e+02 6.742821461572363262e+01 2.977915100221453031e+02 6.743073708849858861e+01 3.519144141206434400e+16 3.519144141206438400e+16
2.952338046765694344e+02 6.513540287338723545e+01 2.952362220488262210e+02 6.513746358038544315e+01 3.519141953457384000e+16 3.519141953457384000e+16
2.947376306325585347e+02 6.671189308995549538e+01 2.947345611764256432e+02 6.671412849755473928e+01 3.519143433207978400e+16 3.519143433207980800e+16
2.925360758483712402e+02 6.782430769763664102e+01 2.925361971856672199e+02 6.782290768381825785e+01 3.519144368537998800e+16 3.519144368537999200e+16
2.918186416357161193e+02 6.930370280700419983e+01 2.918138980662121185e+02 6.930337971559892196e+01 3.519145702326591200e+16 3.519145702326591200e+16
2.965405148437218372e+02 6.898471650233622654e+01 2.965371686705913703e+02 6.898299920572972610e+01 3.519145489255750800e+16 3.519145489255751200e+16
2.953178308199179014e+02 6.770419814995776164e+01 2.953223393258446663e+02 6.770589330152633067e+01 3.519144370634924800e+16 3.519144370634925600e+16
2.952008985764820750e+02 6.775278924601714436e+01 2.951984398426441771e+02 6.775149596930859275e+01 3.519144370635014000e+16 3.519144370215560800e+16
2.953242903144326874e+02 6.775691664374392076e+01 2.953191058994050877e+02 6.775871565416240117e+01 3.519144370635033200e+16 3.519144370635037600e+16
2.973500967876901200e+02 6.598145281328008593e+01 2.973541315499762163e+02 6.598049639628142415e+01 3.519142706335136800e+16 3.519142706335136800e+16
2.963130918292367824e+02 6.832241979315604397e+01 2.963103708538533283e+02 6.832211719533620453e+01 3.519144825717090800e+16 3.519144825717090800e+16
2.754222545975683829e+02 7.286261640951838103e+01 2.754165765981418303e+02 7.286430758724938528e+01 3.519148456306738400e+16 3.519148456306740000e+16
2.711404245958713659e+02 7.487302249275977317e+01 2.711381565387203523e+02 7.487165910267493985e+01 3.519149813164026400e+16 3.519149813164026400e+16
2.794647995545471417e+02 7.251499562131928656e+01 2.794649583591308328e+02 7.251364932914580663e+01 3.519148276790290800e+16 3.519148276790291200e+16
2.763443623789922867e+02 7.267203752505507452e+01 2.763453760395140080e+02 7.267090075340490785e+01 3.519148456725771200e+16 3.519148456725771200e+16
2.724662692457179674e+02 7.001412981410921077e+01 2.724646986366113310e+02 7.001437253656109760e+01 3.519146324341776800e+16 3.519146324341777200e+16
2.768376152058157231e+02 7.143421404950161957e+01 2.768380927887436656e+02 7.143399623291288947e+01 3.519147525590308000e+16 3.519147525590308000e+16
2.723362879411258177e+02 7.150145437584903618e+01 2.723296068126812770e+02 7.150296468602732602e+01 3.519147523073840400e+16 3.519147523073843200e+16
2.796918503862426064e+02 7.171968203031094902e+01 2.796893240466768020e+02 7.172147186474833802e+01 3.519147718108940000e+16 3.519147718108940000e+16
2.772787204670430583e+02 7.225149976939110275e+01 2.772805285807694986e+02 7.225128414251004472e+01 3.519148091402044800e+16 3.519148091402044800e+16
2.700538530873451464e+02 7.071519700296077815e+01 2.700573952382522407e+02 7.071317942007232205e+01 3.519146933774066400e+16 3.519146933774066400e+16
2.776984179792535770e+02 7.247442806536959381e+01 2.777002896013146369e+02 7.247629896191591570e+01 3.519148275531936400e+16 3.519148275531936400e+16
2.777162824074887340e+02 7.252299391168840259e+01 2.777201806939488620e+02 7.252099014474842420e+01 3.519148275532005600e+16 3.519148275532005600e+16
2.716404548623368669e+02 7.096937794815018208e+01 2.716438007941475803e+02 7.097001970967725981e+01 3.519147133422956800e+16 3.519147133422956800e+16
2.716510171507372888e+02 7.183141620170518138e+01 2.716474491081175984e+02 7.183370914471107938e+01 3.519147713914804400e+16 3.519147713914804800e+16
2.702550645803797806e+02 7.030549822471422772e+01 2.702593101994789322e+02 7.030744987635782195e+01 3.519146529023884800e+16 3.519146529023893600e+16
2.795285008024914077e+02 7.433558262273304251e+01 2.795371066554834556e+02 7.433655965960690537e+01 3.519149492719107200e+16 3.519149492719108000e+16
2.790755144030341626e+02 7.435295791820063016e+01 2.790752980117346169e+02 7.435475439566216949e+01 3.519149492719124000e+16 3.519149492719124000e+16
2.769467366791702148e+02 7.021053745955666159e+01 2.769482352452101850e+02 7.021167975955214047e+01 3.519146532798612000e+16 3.519146532798612000e+16
2.700665375412921776e+02 7.293720385818967600e+01 2.700685554382550890e+02 7.293846389197685198e+01 3.519148632886556800e+16 3.519148632886557200e+16
2.723724552583537388e+02 7.154342989114823581e+01 2.723800136241986252e+02 7.154461753333630725e+01 3.519147523493324800e+16 3.519147523493325200e+16
2.748844268449210517e+02 7.123066448318908783e+01 2.748898876243042650e+02 7.122936592491808483e+01 3.519147330974654400e+16 3.519147330974705600e+16
2.727061981838946281e+02 7.238265785322856516e+01 2.727148188198601702e+02 7.238294324894508236e+01 3.519148273015206400e+16 3.519148273015206400e+16
2.721744647543687847e+02 7.244886372810125863e+01 2.721765744985312381e+02 7.244818183993761807e+01 3.519148273015286000e+16 3.519148273015286000e+16
2.720431899573346186e+02 7.278590925714476612e+01 2.720411218110241975e+02 7.278576462301850825e+01 3.519148454628798000e+16 3.519148454628798000e+16
2.796822737029202131e+02 7.400155765597588697e+01 2.796857189421642715e+02 7.400359870145307184e+01 3.519149327043983200e+16 3.519149327043985600e+16
2.749806206384030816e+02 7.264117379118243889e+01 2.749766032954458979e+02 7.264307507503380634e+01 3.519148455886960400e+16 3.519148455886962800e+16
2.745049020273675069e+02 7.283961694519327068e+01 2.745028186731204300e+02 7.284226580785367844e+01 3.519148455887188800e+16 3.519148455887195200e+16
2.774010275537900156e+02 7.309638980559716970e+01 2.773984276207253856e+02 7.309833058224860736e+01 3.519148636661720400e+16 3.519148636661720400e+16
2.841263369893865161e+02 8.050697808051958759e+01 2.841171087214709701e+02 8.050696069725144355e+01 3.519152815866020800e+16 3.519152815866020800e+16
2.829917547992453137e+02 8.061610638374021676e+01 2.829772561106352100e+02 8.061742901674473671e+01 3.519152815866146400e+16 3.519152815866148800e+16
2.880664477645972283e+02 7.070583597643856422e+01 2.880665986880736682e+02 7.070474662226840223e+01 3.519146943840408800e+16 3.519146943840409200e+16
2.850254845083133546e+02 7.026092051740759814e+01 2.850303752157873305e+02 7.026054501674757091e+01 3.519146537412439600e+16 3.519146537412440000e+16
2.811832569509571726e+02 7.164595635538817930e+01 2.811755820259850793e+02 7.164668457940705082e+01 3.519147718947676000e+16 3.519147718947676400e+16
2.848214426773362788e+02 7.099012847385324676e+01 2.848261614610864285e+02 7.099163667161705860e+01 3.519147140553313600e+16 3.519147140553314000e+16
2.850544226918916593e+02 7.070933585695081547e+01 2.850571130914519813e+02 7.070969228759808800e+01 3.519146942162696800e+16 3.519146942162696800e+16
2.853862815229264811e+02 7.212805755776679462e+01 2.853817973094431864e+02 7.212850820665370577e+01 3.519148095596149600e+16 3.519148095596150000e+16
2.840457023928741478e+02 7.397854213640091814e+01 2.840548039299174548e+02 7.397956310694587501e+01 3.519149329141105600e+16 3.519149329141105600e+16
2.870412219840745252e+02 7.173365735723662340e+01 2.870392849495681844e+02 7.173293987608795419e+01 3.519147721883806400e+16 3.519147721883807200e+16
2.896173912357070321e+02 7.270912072994721598e+01 2.896205525897283337e+02 7.270819518558302264e+01 3.519148463436727200e+16 3.519148463436727200e+16
2.842803762236533771e+02 7.028061458347610824e+01 2.842780803038401132e+02 7.028041420408804640e+01 3.519146536993041600e+16 3.519146536993042000e+16
2.879564818936720485e+02 7.007836314743256878e+01 2.879526475803397148e+02 7.007808161140904701e+01 3.519146333149955200e+16 3.519146333149955600e+16
2.845490367379996428e+02 7.039977314363100902e+01 2.845477943733126267e+02 7.040041627908546218e+01 3.519146740835990000e+16 3.519146740835990000e+16
2.835133881190311627e+02 7.242268415097662171e+01 2.835112028178588162e+02 7.242505249798244904e+01 3.519148278467864000e+16 3.519148278467864400e+16
2.873269521862497413e+02 7.351091761293494642e+01 2.873187908018361441e+02 7.350976913512316457e+01 3.519148991499480000e+16 3.519148991499480000e+16
2.723162150763459408e+02 6.584980245844614899e+01 2.723176627638301852e+02 6.585171960788879630e+01 3.519142440835850400e+16 3.519142440835853600e+16
2.752241341821219862e+02 6.569261259279316789e+01 2.752292250608456925e+02 6.569247111426506081e+01 3.519142442932738400e+16 3.519142442932738800e+16
2.762586592544070072e+02 6.522002781369833713e+01 2.762589440868030692e+02 6.522273471884916773e+01 3.519141940455179200e+16 3.519141940455183200e+16
2.790108106048520540e+02 6.762723256668003557e+01 2.790057689518245638e+02 6.762710184373614197e+01 3.519144360148992400e+16 3.519144360148995200e+16
2.754767019078370254e+02 6.987965184008794495e+01 2.754800460745620398e+02 6.988193179188600368e+01 3.519146326019286400e+16 3.519146326019291200e+16
2.765767429701076594e+02 6.965864207042342571e+01 2.765802085208695189e+02 6.966017652808510263e+01 3.519146117981853200e+16 3.519146117981853600e+16
2.768753831125217744e+02 6.763030293613115873e+01 2.768759694425195335e+02 6.762797009054415298e+01 3.519144358890707200e+16 3.519144358890707600e+16
2.713653522924985282e+02 6.771340558521208663e+01 2.713698685609767267e+02 6.771522370925265477e+01 3.519144355115961600e+16 3.519144355115966400e+16
2.794353187548254027e+02 6.509910768389337932e+01 2.794295621041811160e+02 6.510016869595064293e+01 3.519141687958304800e+16 3.519141687958306400e+16
2.731867872225572000e+02 6.580142989280439281e+01 2.731857990263223428e+02 6.580283898432858791e+01 3.519142441674637200e+16 3.519142441674637200e+16
2.787673845667646333e+02 6.961159670603574057e+01 2.787664282597083343e+02 6.960996205727677477e+01 3.519145908266946000e+16 3.519145908266946400e+16
2.755938674938287249e+02 6.752951676474188503e+01 2.755912888980363391e+02 6.752807990969915863e+01 3.519144126945988000e+16 3.519144126945988000e+16
2.767151462761084986e+02 6.889171677859368970e+01 2.767220638093897946e+02 6.889269663166025737e+01 3.519145477092188800e+16 3.519145477092189600e+16
2.734147562144545418e+02 6.821409847377290703e+01 2.734166001119444900e+02 6.821202879521511875e+01 3.519144811456255600e+16 3.519144811456256000e+16
2.773185797037870657e+02 6.968573800121471606e+01 2.773192921747281616e+02 6.968702352402313238e+01 3.519146118401331600e+16 3.519146118401331600e+16
2.717130801126646134e+02 6.644512763930121935e+01 2.717144349392806930e+02 6.644637942012535348e+01 3.519143177355377600e+16 3.519143177355378000e+16
2.772783463608829493e+02 6.514778080234297875e+01 2.772746494109808850e+02 6.514943732726261771e+01 3.519141940874498800e+16 3.519141940874498800e+16
2.792873317153116091e+02 6.588095886940629953e+01 2.792907835539469374e+02 6.588015198117032867e+01 3.519142693752027200e+16 3.519142693752027200e+16
2.775129106766681844e+02 6.542402571155709268e+01 2.775142449603410455e+02 6.542570177299525369e+01 3.519142194210539200e+16 3.519142194210539200e+16
2.775213012413254887e+02 6.649316385609944291e+01 2.775261494395857653e+02 6.649373424105287711e+01 3.519143181130299200e+16 3.519143181130300000e+16
2.711860968885580405e+02 6.991228007846645198e+01 2.711801498420040275e+02 6.991407097517601699e+01 3.519146323502750800e+16 3.519146323502754400e+16
2.768561784110775648e+02 6.652500480140393790e+01 2.768501343391577620e+02 6.652526171481477490e+01 3.519143180710946400e+16 3.519143180710946400e+16
2.785500685113555051e+02 6.788490856260392547e+01 2.785524022050227586e+02 6.788449725260747414e+01 3.519144588319146800e+16 3.519144588319146800e+16
2.780715357783426498e+02 6.790137169140635365e+01 2.780731942365058558e+02 6.789912254194881314e+01 3.519144588319169600e+16 3.519144588319169600e+16
2.768341822604693903e+02 6.742983026779003808e+01 2.768376960715047517e+02 6.742941242107590938e+01 3.519144127784642800e+16 3.519144127784642800e+16
2.792776380797352545e+02 6.741876126170345174e+01 2.792807575230102088e+02 6.741875974977166663e+01 3.519144129042902400e+16 3.519144129042902400e+16
2.749913858986370201e+02 6.934455033390352696e+01 2.749909865307430437e+02 6.934597503214463643e+01 3.519145692260310000e+16 3.519145692260310400e+16
2.760805632161300878e+02 6.574681347547260657e+01 2.760821341064271337e+02 6.574862944150788735e+01 3.519142443771734400e+16 3.519142443771734800e+16
2.774169607577105126e+02 6.948519270790055202e+01 2.774183029643039617e+02 6.948518493945603325e+01 3.519145907427906800e+16 3.519145907427907200e+16
2.808238270262057767e+02 6.467145850809073693e+01 2.808243520467887606e+02 6.467410352407200946e+01 3.519141431686025200e+16 3.519141431686032000e+16
2.837830221175583461e+02 6.215847158209930257e+01 2.837849950481021892e+02 6.215659573578011532e+01 3.519138729295928800e+16 3.519138729295928800e+16
2.840600254010877848e+02 6.232884902139474548e+01 2.840635463246764516e+02 6.232671793738456500e+01 3.519138729296274800e+16 3.519138729296276800e+16
2.885067033229486242e+02 6.286377443511619134e+01 2.885090057830871615e+02 6.286342933696513313e+01 3.519139292591443200e+16 3.519139292591443200e+16
2.848289696409274825e+02 6.197766640292595497e+01 2.848271321832594367e+02 6.197951122710585281e+01 3.519138447019409600e+16 3.519138447019410000e+16
2.879158324915994172e+02 6.176447763810853786e+01 2.879124839131975477e+02 6.176337060943808410e+01 3.519138163484578800e+16 3.519138163484578800e+16
2.890157990658440781e+02 6.196444721858267002e+01 2.890109247402684787e+02 6.196413349953810723e+01 3.519138449955409600e+16 3.519138449955409600e+16
2.832439357257574670e+02 6.414085042320779451e+01 2.832461845821953261e+02 6.414281529436043172e+01 3.519140911172844000e+16 3.519140911172848000e+16
2.830114872185149011e+02 6.414751259655255922e+01 2.830150126177834409e+02 6.414930325443521042e+01 3.519140911172858400e+16 3.519140911172858800e+16
2.831698814548789755e+02 6.419366207149876402e+01 2.831700920641695234e+02 6.419132486583359309e+01 3.519140911172940800e+16 3.519140911172941200e+16
2.831397192600891799e+02 6.421522954676198935e+01 2.831420800320499893e+02 6.421735003914017170e+01 3.519140911172983600e+16 3.519140911172988000e+16
2.876072682236025457e+02 6.114830543124616469e+01 2.876058832755269918e+02 6.115052627060431689e+01 3.519137585509234000e+16 3.519137585509240000e+16
2.886433174453140396e+02 6.404590421885609430e+01 2.886427995993307150e+02 6.404425261083316911e+01 3.519140650287438400e+16 3.519140650287438400e+16
2.825777095262445187e+02 6.477948432785942146e+01 2.825725290590413579e+02 6.478045701607668150e+01 3.519141432944507200e+16 3.519141432944507200e+16
2.831903299710144211e+02 6.457471054797964882e+01 2.831929042236661189e+02 6.457339164023818512e+01 3.519141173317202400e+16 3.519141173317202400e+16
2.883136136010934365e+02 6.150312363950301631e+01 2.883139995040157260e+02 6.150520128057137015e+01 3.519137875755287600e+16 3.519137875755288400e+16
2.843384340053665369e+02 6.451665672602449320e+01 2.843395638738219304e+02 6.451579094578995921e+01 3.519141174155934400e+16 3.519141174155934800e+16
2.811089556175263056e+02 6.394427819535707158e+01 2.811140286187643369e+02 6.394405022422205320e+01 3.519140644834623200e+16 3.519140644834623600e+16
2.858656435606457649e+02 6.303140582757085753e+01 2.858635102944727464e+02 6.303153643361710579e+01 3.519139566898682400e+16 3.519139566898682400e+16
2.878608534258037253e+02 6.072443276640518661e+01 2.878603119185559649e+02 6.072249310346650475e+01 3.519136998306827600e+16 3.519136998306827600e+16
2.883911643735665962e+02 6.343872966359828069e+01 2.883953626717791394e+02 6.343994118590783415e+01 3.519140114255174000e+16 3.519140114255175200e+16
2.808549965616256827e+02 6.320084070378022290e+01 2.808516667760831069e+02 6.320174514049048753e+01 3.519139837011713600e+16 3.519139837011713600e+16
2.897945266430368747e+02 6.073108163588435104e+01 2.897905743666487410e+02 6.073111718835448869e+01 3.519136999565116400e+16 3.519136999565116400e+16
2.865339525717251945e+02 6.229075244389061794e+01 2.865316512992681623e+02 6.228868121560861226e+01 3.519138731393360800e+16 3.519138731393361200e+16
2.951800962748516781e+02 6.110651307470149618e+01 2.951765504167128142e+02 6.110646493123911682e+01 3.519137299038790800e+16 3.519137299038791200e+16
2.917391876841178373e+02 6.259138703865707498e+01 2.917393914155438779e+02 6.259343061883770787e+01 3.519139016186757600e+16 3.519139016186757600e+16
2.969514358520206088e+02 6.445160977964849280e+01 2.969564231188563213e+02 6.445036908556606647e+01 3.519141183383295200e+16 3.519141183383296000e+16
2.969637688264941175e+02 6.450856068412244326e+01 2.969660409049703844e+02 6.450913863627879152e+01 3.519141183383459200e+16 3.519141183383459200e+16
2.922552061332766016e+02 6.015696120253539192e+01 2.922556824582648005e+02 6.015653508078138145e+01 3.519136405232104000e+16 3.519136405232104000e+16
2.948925629968979365e+02 6.173029971772940883e+01 2.948942545276087799e+02 6.173000240788935855e+01 3.519138168937116000e+16 3.519138168937116000e+16
2.974434736353405810e+02 6.154460865302424111e+01 2.974466143753931533e+02 6.154589585537601693e+01 3.519137883305109200e+16 3.519137883305114000e+16
2.974466143753931533e+02 6.154589585537601693e+01 2.974508261836880934e+02 6.154733247338720048e+01 3.519137883305114000e+16 3.519137883305116800e+16
2.962586381262144073e+02 6.043975054056441110e+01 2.962615073752089074e+02 6.044174290815673345e+01 3.519136707641535600e+16 3.519136707641536000e+16
2.960733420517438503e+02 6.262369032637695199e+01 2.960737774949047889e+02 6.262528603292695806e+01 3.519139019542420000e+16 3.519139298462931200e+16
2.960389277052369721e+02 6.286009892608430505e+01 2.960398556556851304e+02 6.285842604566900604e+01 3.519139298463544800e+16 3.519139298463545200e+16
2.949724253646566012e+02 6.327180648242811145e+01 2.949738439538213015e+02 6.327089363154257740e+01 3.519139847917096400e+16 3.519139847917096800e+16
2.971457472888118900e+02 6.430700393463375519e+01 2.971476126666245818e+02 6.430701049350797405e+01 3.519140921658988400e+16 3.519140921658988800e+16
2.954312871956192907e+02 6.048507016072333187e+01 2.954331521640950200e+02 6.048449750555556648e+01 3.519136707222225600e+16 3.519136707222225600e+16
2.972797300260307338e+02 6.324276185629462077e+01 2.972838300852272369e+02 6.324322820033457759e+01 3.519139849594531200e+16 3.519139849594592000e+16
2.955457964492320571e+02 6.189218175188494087e+01 2.955449006949129398e+02 6.189487102327026236e+01 3.519138455407858000e+16 3.519138455407879600e+16
2.935578908679112260e+02 6.473975223355883202e+01 2.935588082969865127e+02 6.473867066286786098e+01 3.519141440494218800e+16 3.519141440494219200e+16
2.907552239689216549e+02 6.306842976033331638e+01 2.907539728095478040e+02 6.306968291099790491e+01 3.519139570673643200e+16 3.519139570673643600e+16
2.970039235492527041e+02 6.484933908363620958e+01 2.970093925739691372e+02 6.485069488700993645e+01 3.519141443011088000e+16 3.519141443011090800e+16
2.934077272935755332e+02 6.176539865779085403e+01 2.934091928897504999e+02 6.176577930632230107e+01 3.519138168098359200e+16 3.519138168098359600e+16
2.992007562606865463e+02 6.302398962205499799e+01 2.992040413312423652e+02 6.302461137724771589e+01 3.519139576965043600e+16 3.519139576965043600e+16
2.905021884081818939e+02 6.462996066473998269e+01 2.904999896898887641e+02 6.463195359026177300e+01 3.519141438396845600e+16 3.519141438396845600e+16
2.991460687120649027e+02 6.348926990805759374e+01 2.991500859277812765e+02 6.349039121658896079e+01 3.519140122224495200e+16 3.519140122224495600e+16
2.917517992508805378e+02 6.417546181056381727e+01 2.917547195805447018e+02 6.417553121681858386e+01 3.519140917464376800e+16 3.519140917464376800e+16
2.960050016662600569e+02 6.313274399312464169e+01 2.960042732747367609e+02 6.313120014898778720e+01 3.519139848755631200e+16 3.519139848755631600e+16
2.936545478682499493e+02 6.335452290483159743e+01 2.936519939295660038e+02 6.335538481917502907e+01 3.519139846658935200e+16 3.519139846658935600e+16
2.964301947563803878e+02 6.416597679516416974e+01 2.964258682690081628e+02 6.416729200574560821e+01 3.519140920819813600e+16 3.519140920819815600e+16
2.908098984558491793e+02 6.364797930176165153e+01 2.908109479389194121e+02 6.364955297519854582e+01 3.519140384787716000e+16 3.519140384787716000e+16
2.964229910216977260e+02 6.193316414767437550e+01 2.964277239798175856e+02 6.193336771116243256e+01 3.519138455827390400e+16 3.519138455827391600e+16
2.909160737947623261e+02 6.314111498684546575e+01 2.909164346185590944e+02 6.314075595003538410e+01 3.519139844561345600e+16 3.519139844561345600e+16
2.939586000851354015e+02 6.001746473782785785e+01 2.939609262723413394e+02 6.001753516069030780e+01 3.519136105339694400e+16 3.519136105339694400e+16
2.968561032564762172e+02 6.398158713424644617e+01 2.968516967035544667e+02 6.398205397088263879e+01 3.519140656578790400e+16 3.519140656578792800e+16
2.923274329851412858e+02 6.135315707215235648e+01 2.923291589139664097e+02 6.135489004769058852e+01 3.519137589284612400e+16 3.519137589284612800e+16
2.956595407530518855e+02 6.454531129594974459e+01 2.956563804262134454e+02 6.454414971381333999e+01 3.519141182544624400e+16 3.519141182544624400e+16
2.946700011633728309e+02 6.377999704885291976e+01 2.946678261528301732e+02 6.378222503930574305e+01 3.519140387723981600e+16 3.519140387723982000e+16
