1.267641464663746973e+02 -7.898717234211430238e+00 1.267640390232682961e+02 -7.897673471652486121e+00 3.518556709637388400e+16 3.518556709637388400e+16
1.273045284979991720e+02 -7.672984958340143713e+00 1.273024814303538079e+02 -7.673974449374182605e+00 3.518557309423300800e+16 3.518557309423300800e+16
1.270960105796704056e+02 -8.056605008766000608e+00 1.270937275203541361e+02 -8.055814463606626674e+00 3.518556710476345600e+16 3.518556710476347200e+16
1.284728652427433531e+02 -7.351853580124074306e+00 1.284732064854803184e+02 -7.351874936326487919e+00 3.518558510671525600e+16 3.518558510671526000e+16
1.287347328746464825e+02 -5.976315885010093254e+00 1.287335643411382193e+02 -5.975639943066951787e+00 3.518561512954613600e+16 3.518561512954613600e+16
1.284393697759330166e+02 -6.058292002024302292e+00 1.284415669787650245e+02 -6.057005703368850469e+00 3.518561512535025200e+16 3.518561512535025200e+16
1.284393697759330166e+02 -6.058292002024302292e+00 1.284386236340851042e+02 -6.055826862637377239e+00 3.518561512535025200e+16 3.518561512535030800e+16
1.284732674765986360e+02 -6.055183388364011599e+00 1.284708367551322397e+02 -6.056133413508352881e+00 3.518561512535028800e+16 3.518561512535028800e+16
1.289247542718801753e+02 -8.323077487671675101e+00 1.289248871882161325e+02 -8.321860297317817512e+00 3.518556114885132800e+16 3.518556114885132800e+16
1.283057113756960632e+02 -7.934938980507505235e+00 1.283052167622687705e+02 -7.936823803242591957e+00 3.518556712154332400e+16 3.518556712154332400e+16
1.284261096314108102e+02 -7.864705726481896697e+00 1.284236420615923180e+02 -7.864592271565460813e+00 3.518557311519976000e+16 3.518557311519977600e+16
1.288865543837706014e+02 -6.276055840638234073e+00 1.288867532642944411e+02 -6.274501459975011741e+00 3.518560912330134800e+16 3.518560912330134800e+16
1.288581349589944125e+02 -6.711656454297397545e+00 1.288562470122568584e+02 -6.710853686373945415e+00 3.518559711081625200e+16 3.518559711081625200e+16
1.299505506345065555e+02 -5.549156784659014185e+00 1.299506819411320464e+02 -5.550034737398955365e+00 3.518562717977960800e+16 3.518562717977961600e+16
1.296771577145392769e+02 -6.460816371967235128e+00 1.296764570924591169e+02 -6.461233574240758948e+00 3.518560312964283600e+16 3.518560312964283600e+16
1.290935723451506760e+02 -7.489134475761713539e+00 1.290931018580932914e+02 -7.488415297116745251e+00 3.518557911725195600e+16 3.518557911725196800e+16
1.292459646787326903e+02 -5.751164777130348682e+00 1.292456025945699309e+02 -5.749163536979402522e+00 3.518562115256602400e+16 3.518562115256602400e+16
1.299383394145434920e+02 -6.789932747466965068e+00 1.299394530091738318e+02 -6.787826235250442153e+00 3.518559712759182800e+16 3.518559712759183200e+16
1.290669251952213585e+02 -8.511806190757768675e+00 1.290652688122411860e+02 -8.510082449988507491e+00 3.518555517196947600e+16 3.518555517196954000e+16
1.403918537026500815e+02 -8.387913959558989774e+00 1.403901081210803170e+02 -8.385945565654255418e+00 3.518555536071589600e+16 3.518555536071589600e+16
1.409780847831211759e+02 -5.418695795124976122e+00 1.409803719384930503e+02 -5.419030394462928335e+00 3.518562736433201200e+16 3.518562736433201200e+16
1.406395204288385230e+02 -8.819405327251482518e+00 1.406387646328913377e+02 -8.820090222892886800e+00 3.518554938802260800e+16 3.518554938802260800e+16
1.401417818202760657e+02 -8.500425826749191671e+00 1.401425486535794391e+02 -8.501399555502842986e+00 3.518555535651901600e+16 3.518555535651902400e+16
1.409372437866855705e+02 -7.427882252844161926e+00 1.409368388719248344e+02 -7.427388080530151981e+00 3.518557931438491200e+16 3.518557931438491600e+16
1.404963159998816877e+02 -6.829038561585860201e+00 1.404987596908114256e+02 -6.828057827935735347e+00 3.518559730375161600e+16 3.518559730375164800e+16
1.402582706262901127e+02 -6.521430457125892310e+00 1.402573513927220290e+02 -6.519679418781338498e+00 3.518560330580200800e+16 3.518560330580201200e+16
1.410578690536124782e+02 -9.041299656431299070e+00 1.410577118022059722e+02 -9.039387981379066517e+00 3.518554341952722000e+16 3.518554341952722400e+16
1.402538282745422009e+02 -7.581260108343110815e+00 1.402530592978732784e+02 -7.579316382275191444e+00 3.518557930599315200e+16 3.518557930599324800e+16
1.402335548874696656e+02 -7.481037761619454329e+00 1.402349299597960623e+02 -7.479667985400064723e+00 3.518557930599520000e+16 3.518557930599520000e+16
1.412773795685609173e+02 -7.181834460240541063e+00 1.412775783877971207e+02 -7.179745743256463975e+00 3.518558532062848400e+16 3.518558532062848800e+16
1.418259794739099675e+02 -6.704367230247413545e+00 1.418272377502447057e+02 -6.706701841084688809e+00 3.518559732892012800e+16 3.518559732892012800e+16
1.411900645503561122e+02 -6.200801745533413900e+00 1.411894551554681527e+02 -6.200035913920277864e+00 3.518560932882434000e+16 3.518560932882434400e+16
1.418722526464548537e+02 -7.249453107160536369e+00 1.418737579705096152e+02 -7.249889659073296855e+00 3.518558532901542400e+16 3.518558532901542400e+16
1.429190546931433516e+02 -8.924510204376121081e+00 1.429174269259818857e+02 -8.922545115605359456e+00 3.518554345308346800e+16 3.518554345308349200e+16
1.423982716589937354e+02 -8.392488926537517102e+00 1.423971842627995841e+02 -8.390231123077088071e+00 3.518555539426995200e+16 3.518555539426998400e+16
1.418977358545071468e+02 -8.560903517977385135e+00 1.418968646825044004e+02 -8.559942799350018561e+00 3.518555538587860800e+16 3.518555538587861200e+16
1.438172751205168822e+02 -8.735754025697975322e+00 1.438161806290329707e+02 -8.735875923621463812e+00 3.518554943835554400e+16 3.518554943835554400e+16
1.438949973269737370e+02 -8.819811848021764433e+00 1.438932833425596129e+02 -8.820131050042975929e+00 3.518554944254860400e+16 3.518554944254860800e+16
1.433420625686930236e+02 -8.999063041764385318e+00 1.433439853587945549e+02 -8.999022500403759395e+00 3.518554345727663200e+16 3.518554346147073600e+16
1.433672561261714122e+02 -8.446346502729335626e+00 1.433682493730443639e+02 -8.448138519871026375e+00 3.518555540685130000e+16 3.518555540685130000e+16
1.376598532373807586e+02 -8.764869726463889066e+00 1.376601712553688799e+02 -8.765707229882591989e+00 3.518554933769202800e+16 3.518554933769202800e+16
1.374946927461056987e+02 -7.817877999077478712e+00 1.374944663313443129e+02 -7.817851552092704104e+00 3.518557326619562800e+16 3.518557326619562800e+16
1.370801351428955002e+02 -5.888790714368426826e+00 1.370798984524156197e+02 -5.886425290793019904e+00 3.518561527215438800e+16 3.518561527215439200e+16
1.330025223667674084e+02 -7.075959820914706100e+00 1.330032762393506118e+02 -7.074792214963781412e+00 3.518559118006799200e+16 3.518559118006799600e+16
1.338912701419492635e+02 -8.865169567579210153e+00 1.338919539575390161e+02 -8.863917318859042993e+00 3.518554927477576800e+16 3.518554927477577200e+16
1.338403146304266613e+02 -8.712525768441240714e+00 1.338400626434331002e+02 -8.713223568418520415e+00 3.518554927477859200e+16 3.518554927477859200e+16
1.381256626664954581e+02 -8.260682616818847634e+00 1.381264121698184795e+02 -8.259992193356112011e+00 3.518556130404198400e+16 3.518556130404198800e+16
1.340734870657265390e+02 -8.461597405593140664e+00 1.340723066889993049e+02 -8.460804117974406680e+00 3.518555525585692000e+16 3.518555525585692000e+16
1.343683844832476950e+02 -5.793777746428800945e+00 1.343679885339727775e+02 -5.794002712970558910e+00 3.518562124064520800e+16 3.518562124064520800e+16
1.344378869815564599e+02 -9.042484761708644569e+00 1.344378101040194906e+02 -9.042518165897643456e+00 3.518554331047536800e+16 3.518554331047537200e+16
1.341470706649627402e+02 -5.982385048195547839e+00 1.341462922594653833e+02 -5.980661968549799035e+00 3.518561522182046400e+16 3.518561522182046400e+16
1.396376594512744589e+02 -8.552148047980889345e+00 1.396396226049510574e+02 -8.553078855307777673e+00 3.518555534812939600e+16 3.518555534812940000e+16
1.397799019840745700e+02 -5.396317428855399001e+00 1.397810690057684440e+02 -5.395563880111401645e+00 3.518562734336096400e+16 3.518562734336096800e+16
1.393675905826827091e+02 -8.248564963922538240e+00 1.393657457566681330e+02 -8.247086128039368802e+00 3.518556132501445600e+16 3.518556132501448000e+16
1.350070778775105111e+02 -7.232051704224673472e+00 1.350079315860980387e+02 -7.232825050892109253e+00 3.518558521577011600e+16 3.518558521577011600e+16
1.352023214027279039e+02 -7.069312195004831878e+00 1.352035758824093534e+02 -7.070306456716670240e+00 3.518559121781666000e+16 3.518559121781666800e+16
1.354272569381244864e+02 -6.916045653752957101e+00 1.354250970226652839e+02 -6.914743138774961828e+00 3.518559121782019200e+16 3.518559121782021600e+16
1.352213158471430745e+02 -7.817929656613731737e+00 1.352201930813018578e+02 -7.815629767656396609e+00 3.518557322844694800e+16 3.518557322844698800e+16
1.356126712842712720e+02 -5.135811200583417779e+00 1.356124510623120045e+02 -5.138527620829037801e+00 3.518563329088362800e+16 3.518563329088362800e+16
1.358444225385350990e+02 -8.041916957120934129e+00 1.358441717593314308e+02 -8.041327976885531470e+00 3.518556724737016800e+16 3.518556724737017600e+16
1.304442836928041913e+02 -7.944600129410464007e+00 1.304426098601380488e+02 -7.945383346122580903e+00 3.518556715929258400e+16 3.518556715929258800e+16
1.300190556941587943e+02 -8.253617431260872550e+00 1.300202186474259065e+02 -8.251191942306689953e+00 3.518556116982454800e+16 3.518556116982462400e+16
1.305348375811666131e+02 -6.920542998159078252e+00 1.305343269583535175e+02 -6.919055770451604026e+00 3.518559113812821600e+16 3.518559113812821600e+16
1.308764003886820149e+02 -6.167737562460271938e+00 1.308786593871843138e+02 -6.166993137159539451e+00 3.518560915685810800e+16 3.518560915685819200e+16
1.304641405359142539e+02 -6.507108853389977021e+00 1.304627745229697666e+02 -6.505232904781496295e+00 3.518560314222444800e+16 3.518560314222463200e+16
1.308794036657857873e+02 -5.138140606492151541e+00 1.308769267488377182e+02 -5.137467799997487816e+00 3.518563321538630800e+16 3.518563321538636800e+16
1.317609652995604108e+02 -5.374710197952337509e+00 1.317601896996418702e+02 -5.372956154241160576e+00 3.518563322796447600e+16 3.518563322796448000e+16
1.319029319961271085e+02 -8.946332578530737933e+00 1.319011350293589260e+02 -8.946008538266193355e+00 3.518554326853314400e+16 3.518554326853314400e+16
1.312884861292230596e+02 -7.696649320526290694e+00 1.312909045678142945e+02 -7.697011904664857518e+00 3.518557316134098000e+16 3.518557316134098400e+16
1.362818810434979753e+02 -8.781171363173463362e+00 1.362827079813982891e+02 -8.779856880389752760e+00 3.518554931672062400e+16 3.518554931672062800e+16
1.363553597435665949e+02 -6.329870186404707333e+00 1.363559344721085438e+02 -6.329118478288855876e+00 3.518560924912953600e+16 3.518560924912953600e+16
1.360942094264125899e+02 -7.904721282671260063e+00 1.360947348718571561e+02 -7.904518754152578985e+00 3.518556725156768000e+16 3.518556725156768400e+16
1.329783979345314435e+02 -5.719618011583300188e+00 1.329772253106537789e+02 -5.720571184985494995e+00 3.518562121548144800e+16 3.518562121548144800e+16
1.327099584967635337e+02 -5.860410923239150804e+00 1.327100440805171218e+02 -5.859525231952932955e+00 3.518562121128382400e+16 3.518562121128382400e+16
1.327801665388357435e+02 -8.855812850171455253e+00 1.327793590944706352e+02 -8.853982475051120460e+00 3.518554925799863200e+16 3.518554925799868000e+16
1.321424646859062193e+02 -8.155460060733920713e+00 1.321446109896299106e+02 -8.153954875039248762e+00 3.518556120338121600e+16 3.518556120338128800e+16
1.326343696426276608e+02 -6.224511642090664765e+00 1.326366550934581596e+02 -6.223221780640368017e+00 3.518560918621693600e+16 3.518560918621693600e+16
1.375634821752876746e+02 -2.335848813047491479e+00 1.375622297613227261e+02 -2.334429667826974697e+00 3.518570570134417600e+16 3.518570570134418000e+16
1.370416997215548349e+02 -2.534481941917119840e+00 1.370410175849187340e+02 -2.533925989895346120e+00 3.518569965315857600e+16 3.518569965315858000e+16
1.329881885297507154e+02 -3.363639667180775561e+00 1.329863318796097644e+02 -3.362807113778929935e+00 3.518568147084932800e+16 3.518568147084933600e+16
1.330591069797020793e+02 -3.468133458645349609e+00 1.330586837297695126e+02 -3.466365975220143891e+00 3.518567543944298400e+16 3.518567543944298400e+16
1.330591069797020793e+02 -3.468133458645349609e+00 1.330611321548945511e+02 -3.469095828988085550e+00 3.518567543944298400e+16 3.518567543944298800e+16
1.332245906510840143e+02 -1.813958330747368342e+00 1.332237109578816785e+02 -1.813784309795240635e+00 3.518571770544307200e+16 3.518571770544307200e+16
1.379705557497505595e+02 -3.547153564645693535e+00 1.379700734229517423e+02 -3.545223795712887593e+00 3.518567552332776800e+16 3.518567552332782400e+16
1.388000914398205623e+02 -4.099104191144366638e+00 1.387988391969404915e+02 -4.098516665033860029e+00 3.518566347309110000e+16 3.518566347309110000e+16
1.388709822882484275e+02 -4.006025163608819994e+00 1.388730424562234873e+02 -4.007088214800836212e+00 3.518566347309364800e+16 3.518566347309364800e+16
1.342566314137175709e+02 -1.394302938000516301e+00 1.342570288980822397e+02 -1.396888510430654540e+00 3.518572376621613600e+16 3.518572376621614000e+16
1.344930962640309815e+02 -3.275297332038155318e+00 1.344906105075253038e+02 -3.274972438468572555e+00 3.518568149601680800e+16 3.518568149601684800e+16
1.344214240420417923e+02 -3.914998282942631302e+00 1.344199070994775980e+02 -3.914250064833797005e+00 3.518566339759768000e+16 3.518566339759768000e+16
1.344721093852650142e+02 -1.242006803886634092e+00 1.344697732887657367e+02 -1.242720289700697700e+00 3.518572980601148000e+16 3.518572980601148000e+16
1.339607323650359945e+02 -3.297439655690525662e+00 1.339603791232762546e+02 -3.299586981805495256e+00 3.518568148762795600e+16 3.518568148762796000e+16
1.349647936676045106e+02 -2.997284392341875936e+00 1.349656550827305921e+02 -2.997651520258710178e+00 3.518568753581565600e+16 3.518568753581565600e+16
1.347341570435431777e+02 -1.306589432702220721e+00 1.347356413262445471e+02 -1.304506402763702333e+00 3.518572981020418800e+16 3.518572981020423600e+16
1.347157370573620483e+02 -3.709656214150012232e+00 1.347156849463243873e+02 -3.711999160203322212e+00 3.518566943739422000e+16 3.518566943739430800e+16
1.396174706170875481e+02 -4.096177965196817539e+00 1.396195495562716928e+02 -4.094952861170794378e+00 3.518566348567412800e+16 3.518566348567413200e+16
1.395194118131271068e+02 -4.437388277465691644e+00 1.395174809381852015e+02 -4.437296015508319869e+00 3.518565142705382000e+16 3.518565142705382000e+16
1.355163077947251509e+02 -1.015647324855713851e+00 1.355152762526768981e+02 -1.017871100780200821e+00 3.518573586677980400e+16 3.518573586677981200e+16
1.350663832488727110e+02 -4.679018186894912112e+00 1.350658720344199253e+02 -4.678482383335293093e+00 3.518564532853484000e+16 3.518564532853484000e+16
1.358731386507857337e+02 -4.974659867133206959e+00 1.358728030756644500e+02 -4.975994119342598943e+00 3.518563931809678400e+16 3.518563931809678800e+16
1.353514535709282427e+02 -1.312562387942510345e+00 1.353489719719308653e+02 -1.313486153087114916e+00 3.518572982278717600e+16 3.518572982278718000e+16
1.356869674385717701e+02 -4.121617549625184118e+00 1.356875452375516886e+02 -4.123650142809309749e+00 3.518566341856464000e+16 3.518566341856464400e+16
1.351101468391591993e+02 -2.450240704138644698e+00 1.351104033530457684e+02 -2.450150151904635365e+00 3.518569961960606400e+16 3.518569961960606400e+16
1.352418135398623065e+02 -1.561168701068688769e+00 1.352408545000955087e+02 -1.563200856057755272e+00 3.518572377879479600e+16 3.518572377879480000e+16
1.310407504124928835e+02 -4.632489906067010388e+00 1.310390737101776892e+02 -4.633460577371409705e+00 3.518564526142841200e+16 3.518564526142841200e+16
1.315166694983905700e+02 -4.557467539612288121e+00 1.315183485786686504e+02 -4.557192730332885411e+00 3.518565129283339600e+16 3.518565129283340000e+16
1.311270227612066606e+02 -4.545924457745853964e+00 1.311272984303626856e+02 -4.544485903273367100e+00 3.518565128863941600e+16 3.518565128863942000e+16
1.320916236177786232e+02 -4.468224322412347682e+00 1.320925696719437781e+02 -4.467330414866875543e+00 3.518565130122362400e+16 3.518565130122362400e+16
1.314156909308792365e+02 -4.783935901263258295e+00 1.314171763888801365e+02 -4.786160314810526728e+00 3.518564526981342000e+16 3.518564526981342000e+16
1.368722190144280830e+02 -2.249731723287716090e+00 1.368723701048338626e+02 -2.249246526117405942e+00 3.518570568876305200e+16 3.518570568876305600e+16
1.368637764020265024e+02 -2.176047541118117046e+00 1.368658809218356396e+02 -2.175907265883778585e+00 3.518570568876448000e+16 3.518570568876449200e+16
1.366882955101409607e+02 -4.186493758418380118e+00 1.366897754927840651e+02 -4.185656362637680594e+00 3.518565740393648000e+16 3.518565740393648000e+16
1.362067133324522672e+02 -1.369289451928984880e+00 1.362059288863380004e+02 -1.369774690189338839e+00 3.518572983536847200e+16 3.518572983536847200e+16
1.364957578580755637e+02 -1.502173982150208253e+00 1.364968056354603902e+02 -1.500339387233246224e+00 3.518572379976782000e+16 3.518572379976782400e+16
1.365465392827300661e+02 -1.825349775936283336e+00 1.365455281690236404e+02 -1.823260728174425083e+00 3.518571776416268000e+16 3.518571776416268400e+16
1.327054843155831350e+02 -4.801159924399574841e+00 1.327080042883149531e+02 -4.801814311638149313e+00 3.518564529078430400e+16 3.518564529078437600e+16
1.328661296123567865e+02 -2.773886409013992083e+00 1.328650824596178097e+02 -2.771992081617156600e+00 3.518569354205779600e+16 3.518569354205780000e+16
1.326197507849670387e+02 -3.970363697323955776e+00 1.326205824726418427e+02 -3.968001682470067237e+00 3.518566336823611200e+16 3.518566336823616800e+16
1.323907979203089553e+02 -4.861402498453831100e+00 1.323914851531411898e+02 -4.862153022691292570e+00 3.518564528658877600e+16 3.518564528658877600e+16
1.326512429125181995e+02 -3.531365939291675193e+00 1.326532131917049355e+02 -3.531583907380095422e+00 3.518567543105332800e+16 3.518567543105333600e+16
1.404886967197153353e+02 -4.766711230492445495e+00 1.404897566380576848e+02 -4.766730577228978305e+00 3.518564542080830400e+16 3.518564542080830400e+16
