4.041505342157119429e+01 2.418778159768387681e+01 4.041520751202990880e+01 2.418886775677317047e+01 3.518632780470768000e+16 3.518632780470768400e+16
4.045193689359664546e+01 2.403158519045178210e+01 4.045260059679016962e+01 2.403357508290136835e+01 3.518632228081012400e+16 3.518632228081012800e+16
4.016177096482491038e+01 2.190845901829561271e+01 4.015934378801109261e+01 2.190805327630180699e+01 3.518627769955169200e+16 3.518627769955169600e+16
4.076038464370771663e+01 2.036853829187145237e+01 4.075858952246333899e+01 2.037024981399404311e+01 3.518623818921110800e+16 3.518623818921118800e+16
4.086527098502027400e+01 2.193265194171910792e+01 4.086734325982563121e+01 2.193307856061511529e+01 3.518627770794054400e+16 3.518627770794054800e+16
4.006433252566554160e+01 2.489753376998399759e+01 4.006610060627806291e+01 2.489663617805772233e+01 3.518634431348754800e+16 3.518634431348754800e+16
4.146585187693333552e+01 2.215084427547997592e+01 4.146311726531594388e+01 2.215057681551289193e+01 3.518628332830754800e+16 3.518628332830755200e+16
4.111309265754097453e+01 2.155627844017959660e+01 4.111299753113659250e+01 2.155800553826572141e+01 3.518626646720697200e+16 3.518626646720697600e+16
4.128459219797408508e+01 2.029108855537367972e+01 4.128423214867126489e+01 2.029331923167159957e+01 3.518623819759925600e+16 3.518623819759926000e+16
4.151778561877173956e+01 2.186538008063944005e+01 4.151582919806079275e+01 2.186436470736194337e+01 3.518627210015611600e+16 3.518627210015612000e+16
4.125049297011785399e+01 2.096370548002368039e+01 4.125206989924073042e+01 2.096428856981740196e+01 3.518625518872281200e+16 3.518625518872281200e+16
4.126650108442521514e+01 2.177507439532324085e+01 4.126776225477716054e+01 2.177482508625077173e+01 3.518627209596242400e+16 3.518627209596242400e+16
4.282794064610867224e+01 2.082783854550142877e+01 4.282914327722446757e+01 2.083016122173763307e+01 3.518624955996876000e+16 3.518624955996876400e+16
4.282982334845127070e+01 2.083270859702396649e+01 4.282914327722446757e+01 2.083016122173763307e+01 3.518624955996876400e+16 3.518624955996876400e+16
4.378351302172909953e+01 2.044682085830335083e+01 4.378537657868004374e+01 2.044675131318938099e+01 3.518624391443253200e+16 3.518624391443253200e+16
4.321700667433931642e+01 2.055361296649985192e+01 4.321651425313378070e+01 2.055591522370123414e+01 3.518624390604614000e+16 3.518624390604617600e+16
4.306654978068225148e+01 2.106071946539534778e+01 4.306443700413434073e+01 2.106220939727420571e+01 3.518625521808386400e+16 3.518625521808387200e+16
4.346946098922050794e+01 2.042996921865585236e+01 4.347044590988129897e+01 2.043236006979185504e+01 3.518624391023824000e+16 3.518624391023824400e+16
4.051758535490773028e+01 2.603639187620405693e+01 4.051754959541494117e+01 2.603901472254093363e+01 3.518636618259096800e+16 3.518636618259100000e+16
4.042816658325392609e+01 2.794908400314336561e+01 4.042657027840532180e+01 2.794921262352082891e+01 3.518640935036556400e+16 3.518640935036556800e+16
4.036274205349355526e+01 2.569307326789760992e+01 4.036432616126300843e+01 2.569183699916383645e+01 3.518636072999408800e+16 3.518636072999408800e+16
4.050927069418679594e+01 2.839656360771846622e+01 4.051025699394111967e+01 2.839767730897479581e+01 3.518642001648045600e+16 3.518642001648045600e+16
4.076295510370949415e+01 2.614387751794211212e+01 4.076534758023171889e+01 2.614497430751777785e+01 3.518637162260100000e+16 3.518637162260102400e+16
4.071886198115360145e+01 2.631128533103997569e+01 4.071662029789179371e+01 2.631229088987084097e+01 3.518637162260356400e+16 3.518637162260358400e+16
4.027345359873935138e+01 2.782996743585010080e+01 4.027445454140758585e+01 2.782768894750231681e+01 3.518640399424152400e+16 3.518640399424152400e+16
4.047140252756584289e+01 2.831873127571870796e+01 4.047095149460263741e+01 2.831714750252598023e+01 3.518641468971600400e+16 3.518641468971600400e+16
3.287066967387326599e+01 2.857467926212466125e+01 3.286970451233220558e+01 2.857269692162228125e+01 3.518641990323790400e+16 3.518641990323790400e+16
3.219407183623148683e+01 2.578813052541591588e+01 3.219320277708230549e+01 2.578627995096620396e+01 3.518636060836190000e+16 3.518636060836190400e+16
3.290829565906922483e+01 2.624841931424051467e+01 3.290859815484336792e+01 2.625108898462620388e+01 3.518637150516258400e+16 3.518637150516264800e+16
3.782357104573417672e+01 2.864397716692621998e+01 3.782345225197706640e+01 2.864189419738150733e+01 3.518642529291500800e+16 3.518642529291500800e+16
3.775714395820768488e+01 2.788548191923426955e+01 3.775874438257552868e+01 2.788719179068617038e+01 3.518640930842237200e+16 3.518640930842239600e+16
3.691818805309004148e+01 2.932063704709194951e+01 3.691800274564225504e+01 2.932335040141468596e+01 3.518643587514734400e+16 3.518643587514741600e+16
3.731994565077167181e+01 2.551100829892664024e+01 3.732071545352511066e+01 2.551059343695960280e+01 3.518635522287447600e+16 3.518635522287447600e+16
3.308645413049296735e+01 2.738955611826617798e+01 3.308911634667342838e+01 2.739057796829963465e+01 3.518639852067256000e+16 3.518639852067260400e+16
3.323542330088006480e+01 2.898675948423823456e+01 3.323552248631192896e+01 2.898886528194092094e+01 3.518643052740839600e+16 3.518643052740840000e+16
3.333522187411632132e+01 2.812508336322154534e+01 3.333451783133464374e+01 2.812435384152837159e+01 3.518641458485663600e+16 3.518640924131764000e+16
3.402316005119168096e+01 2.749380734381051283e+01 3.402262337407280057e+01 2.749560796964939513e+01 3.518639853325775200e+16 3.518639853325775200e+16
3.339978600850619728e+01 2.918413244391895844e+01 3.340177130280149953e+01 2.918499897284586098e+01 3.518643582061908000e+16 3.518643582061908000e+16
3.801978719876189672e+01 2.572421690453242249e+01 3.802192549006007027e+01 2.572494267244126931e+01 3.518636069644049200e+16 3.518636069644049600e+16
3.892535192101895802e+01 2.635471239936387633e+01 3.892440363484531929e+01 2.635375990437885108e+01 3.518637159324456800e+16 3.518637159324456800e+16
3.815894276978873023e+01 2.557431423289535388e+01 3.815881757537260910e+01 2.557322298067041189e+01 3.518635523965272400e+16 3.518635523965273200e+16
3.449884552953101746e+01 2.720009197523648581e+01 3.449877574416016301e+01 2.719928034347091739e+01 3.518639316454746000e+16 3.518639316454746400e+16
3.436078007200647022e+01 2.724933405958275401e+01 3.436147825711599069e+01 2.724746340733686623e+01 3.518639316454840000e+16 3.518639316454840000e+16
3.457092218398334182e+01 2.840064120692114358e+01 3.457256831107986983e+01 2.840042954100974981e+01 3.518641992840036800e+16 3.518641992840036800e+16
3.459638427774945058e+01 2.614705327289524561e+01 3.459868327509646946e+01 2.614769758585335069e+01 3.518637153032644000e+16 3.518637153032645600e+16
3.443598389284952077e+01 2.663487105925309351e+01 3.443547142622735180e+01 2.663657583847290411e+01 3.518638237260208400e+16 3.518638237260208400e+16
3.938522561644666808e+01 2.647757226182685741e+01 3.938511557925737350e+01 2.647852337893624508e+01 3.518637702906022400e+16 3.518637702906022400e+16
3.987049994129358765e+01 2.623495549925879544e+01 3.986812371808470346e+01 2.623603017702320983e+01 3.518637161001988400e+16 3.518637161001990800e+16
3.574613492149952521e+01 2.946337025826609235e+01 3.574499589088971874e+01 2.946361769587073098e+01 3.518644113060816800e+16 3.518644113060816800e+16
3.518009792534590474e+01 2.574158447167397412e+01 3.517874032662979999e+01 2.574085226314369734e+01 3.518636065449786800e+16 3.518636065449787200e+16
3.519572215284720329e+01 2.527016911103007502e+01 3.519472671334751368e+01 2.527235405955486414e+01 3.518634972414221600e+16 3.518634972414221600e+16
3.508623939216727905e+01 2.564453120701022115e+01 3.508836639677916480e+01 2.564483812011091501e+01 3.518636065030177200e+16 3.518636065030177600e+16
3.653137077958003687e+01 2.505662317335276157e+01 3.653091605449804291e+01 2.505911384555503929e+01 3.518634425896444000e+16 3.518634425896451200e+16
3.675939202179363718e+01 2.911295556685644570e+01 3.676132447564904737e+01 2.911281497237295923e+01 3.518643057774254800e+16 3.518643057774254800e+16
3.693068335945754654e+01 2.584186260248132427e+01 3.693030438222017864e+01 2.584369496913144104e+01 3.518636067966550400e+16 3.518636067966550400e+16
3.070358890094579607e+01 2.689320175516949618e+01 3.070335235162629672e+01 2.689415684347583024e+01 3.518638771614553600e+16 3.518638771614553600e+16
3.071829019078223766e+01 2.662562311271581450e+01 3.071661526108971074e+01 2.662467748814463420e+01 3.518638231388161600e+16 3.518637689903964800e+16
3.087950380297457897e+01 2.558477633044090993e+01 3.087832591793481640e+01 2.558328746504672324e+01 3.518635512640651200e+16 3.518635512640651600e+16
3.080954145790578380e+01 2.624977791460838716e+01 3.080917579822816776e+01 2.624915858007621594e+01 3.518637147160781200e+16 3.518637147160781200e+16
3.182136492163654751e+01 2.777259493737864204e+01 3.182367115173062544e+01 2.777254426799051146e+01 3.518640386841272000e+16 3.518640386841272000e+16
4.086681133755172368e+01 1.534257120454311796e+01 4.086562772760066053e+01 1.534015847042858738e+01 3.518612293393167200e+16 3.518612293393167200e+16
4.006206429310186223e+01 1.843908239703356600e+01 4.006316072281180851e+01 1.843755796239609168e+01 3.518619819651992000e+16 3.518619819651992000e+16
4.076628952041460252e+01 1.992898911882186752e+01 4.076829827912057880e+01 1.992866268916666073e+01 3.518623250173216000e+16 3.518623250173216800e+16
4.063537146842409697e+01 1.539905493845170348e+01 4.063720290073980124e+01 1.540054886768641040e+01 3.518612876401083600e+16 3.518612876401085600e+16
4.014403779874659506e+01 1.675715316555471190e+01 4.014422129833738495e+01 1.675985986944029449e+01 3.518615781795672400e+16 3.518615781795672800e+16
4.022116728690379972e+01 1.577598321383472424e+01 4.021878023951943959e+01 1.577576863624241099e+01 3.518613458990168800e+16 3.518613458990168800e+16
4.148890589291863762e+01 1.712688475235792041e+01 4.148733102333508782e+01 1.712895655944450013e+01 3.518616940681632000e+16 3.518616940681636400e+16
4.195657204430685283e+01 1.830525084249852341e+01 4.195678221741997049e+01 1.830595378505325144e+01 3.518619247968699200e+16 3.518619247968699200e+16
4.143885324311015239e+01 1.578713960328759924e+01 4.143965442897657425e+01 1.578928085842156470e+01 3.518613460667877200e+16 3.518613460667878000e+16
4.206581419242516517e+01 1.747173369071917648e+01 4.206471200753227180e+01 1.746990825083865673e+01 3.518617519495750000e+16 3.518617519495805200e+16
4.205991870414983680e+01 1.755514448011379613e+01 4.205807651739921482e+01 1.755597076431769921e+01 3.518617519495925600e+16 3.518617519495926400e+16
4.203741073964790331e+01 1.755638472381063764e+01 4.203978327277035731e+01 1.755702559799635765e+01 3.518617519495930000e+16 3.518617519495931600e+16
4.180621674685483669e+01 1.549563064721426997e+01 4.180408225504988451e+01 1.549603021138872805e+01 3.518612878498365600e+16 3.518612878498366000e+16
4.120334121685515782e+01 1.988518612175406730e+01 4.120242258938011304e+01 1.988748661996090306e+01 3.518623251012010000e+16 3.518623251012010400e+16
4.220327402316566889e+01 1.922496912422528581e+01 4.220302239287339319e+01 1.922536984387404502e+01 3.518621541413839200e+16 3.518621541413839200e+16
4.204024735457533524e+01 1.629684995528363700e+01 4.203926539657165762e+01 1.629662779771085113e+01 3.518614625006598400e+16 3.518614625006598400e+16
4.272837463992847518e+01 1.850317921223034290e+01 4.272695686300024676e+01 1.850323208271547770e+01 3.518619823846233200e+16 3.518619823846233200e+16
4.209377901139539802e+01 1.777104897473070366e+01 4.209546930519823604e+01 1.777122434658079442e+01 3.518618096632049600e+16 3.518618096632049600e+16
4.217867946773056076e+01 1.733274342940226731e+01 4.218081869203545153e+01 1.733133996672766486e+01 3.518616941940332800e+16 3.518616941940332800e+16
4.319778778663616237e+01 1.673900068007798936e+01 4.319664521993869499e+01 1.674112335593422429e+01 3.518615786828602400e+16 3.518615786828605600e+16
4.317212311704018646e+01 1.996715041190768147e+01 4.317097872610211340e+01 1.996720752421157741e+01 3.518623253948195600e+16 3.518623253948196000e+16
4.306079024629008245e+01 1.798762681037726097e+01 4.305945254038990555e+01 1.798762334550674069e+01 3.518618674606987200e+16 3.518618674606987200e+16
4.323742409368287554e+01 1.702019112492466135e+01 4.323912353790382923e+01 1.702045269371735614e+01 3.518616365642704800e+16 3.518616365642704800e+16
4.339507423934647790e+01 1.998233906482708022e+01 4.339484499479056723e+01 1.998288258211701063e+01 3.518623254367580800e+16 3.518623254367581200e+16
3.257243759869479049e+01 2.474759927059993814e+01 3.257111169535943418e+01 2.474991084086408577e+01 3.518633870570509200e+16 3.518633870570514400e+16
3.287674782097628423e+01 2.444782725790784284e+01 3.287915278870686109e+01 2.444840289114099363e+01 3.518633320697164800e+16 3.518633320697165200e+16
3.286011261620970458e+01 2.086846471224144395e+01 3.286052269346907906e+01 2.087102006146425026e+01 3.518624940478171200e+16 3.518624940478176400e+16
3.787162635491886675e+01 2.487549019785791060e+01 3.786921313087423613e+01 2.487468035864834803e+01 3.518634427993294400e+16 3.518633878539943200e+16
3.771975408577054623e+01 2.164267468597721233e+01 3.771884582572807432e+01 2.164083352711661234e+01 3.518627204143540400e+16 3.518627204143540800e+16
3.380493271043906134e+01 2.234195962723925888e+01 3.380540074453706723e+01 2.234300913130866206e+01 3.518628321087001600e+16 3.518628321087001600e+16
3.389592170538781346e+01 2.361263567896299875e+01 3.389845368276377968e+01 2.361178264395289617e+01 3.518631109879816800e+16 3.518631109879816800e+16
3.880623301612523335e+01 2.496583446580784482e+01 3.880733038882115693e+01 2.496663859529478913e+01 3.518634429251738000e+16 3.518634429251738400e+16
3.822675393267326882e+01 2.132054455508152202e+01 3.822815778710950951e+01 2.132143767991541949e+01 3.518626078392729200e+16 3.518626078392729600e+16
3.833037677791573827e+01 2.086772948336805911e+01 3.833238020733315921e+01 2.086944472644950466e+01 3.518624948866747600e+16 3.518624948866748000e+16
3.455516261751653673e+01 2.254420246782607151e+01 3.455473008608202434e+01 2.254586232277506852e+01 3.518628881445928000e+16 3.518628881445928000e+16
3.971095761888445708e+01 2.123849256890944304e+01 3.971030975781675920e+01 2.123816776736491008e+01 3.518626080909078400e+16 3.518626080909078400e+16
3.935228549507964146e+01 2.209560655887159086e+01 3.935236851930935842e+01 2.209679120874442049e+01 3.518627768697186800e+16 3.518627768697186800e+16
3.977485091019840269e+01 2.445432550589976017e+01 3.977325500542403347e+01 2.445620778149299213e+01 3.518633331182946000e+16 3.518633331182948000e+16
3.514317244289252784e+01 2.276510634158739066e+01 3.514475259879448288e+01 2.276650713499424228e+01 3.518629440966084800e+16 3.518629440966090000e+16
3.570808348586140823e+01 2.062038880262364771e+01 3.570822522738643556e+01 2.061825294303578460e+01 3.518624378441337600e+16 3.518624378441337600e+16
3.515497068631800204e+01 2.255269454914761695e+01 3.515304574249289260e+01 2.255462461460119172e+01 3.518628882704250400e+16 3.518628882704252400e+16
3.514082842518579497e+01 2.043855191445814867e+01 3.514044395310992996e+01 2.043669428297072344e+01 3.518624377602180400e+16 3.518624377602180400e+16
3.641306544431973435e+01 2.361832591546658477e+01 3.641263797370993416e+01 2.361570663067377396e+01 3.518631113654745200e+16 3.518631113654745600e+16
3.642100472448920101e+01 2.261237591414580450e+01 3.642058893344316317e+01 2.261159674207857151e+01 3.518628884382081200e+16 3.518628884382081600e+16
3.640869962721325237e+01 2.330966986194301782e+01 3.640706388383877368e+01 2.330992306385429202e+01 3.518630557909307600e+16 3.518630557909308000e+16
3.641946998057531459e+01 2.463113406316798759e+01 3.641659095814035396e+01 2.463184422553952402e+01 3.518633876442330400e+16 3.518633876442330400e+16
3.657722742548367734e+01 2.105754160028714495e+01 3.657863287986633338e+01 2.105775143296717289e+01 3.518625511322789200e+16 3.518625511322789200e+16
3.639557600213581878e+01 2.015853313620821297e+01 3.639777611559596693e+01 2.015778653071357596e+01 3.518623811790502000e+16 3.518623811790502400e+16
3.693987816755085163e+01 2.187331123948135669e+01 3.693994318415371936e+01 2.187460699640789841e+01 3.518627202885668800e+16 3.518627202885668800e+16
3.072560889516700655e+01 2.002656466312343042e+01 3.072339169471299059e+01 2.002704286741739992e+01 3.518623234235082800e+16 3.518623234235082800e+16
3.089801255288376325e+01 2.220805933945052146e+01 3.089674983344218973e+01 2.220979195669431050e+01 3.518628316473084800e+16 3.518628316473088400e+16
3.035331792765003911e+01 2.480411194014102350e+01 3.035508386807810055e+01 2.480494377951541551e+01 3.518633867215157600e+16 3.518633867215158400e+16
3.076579283020657130e+01 2.087917905583736555e+01 3.076682537290548680e+01 2.087944617791184143e+01 3.518625502514393600e+16 3.518625502514393600e+16
3.003925812015784658e+01 2.321337173860475644e+01 3.003770106821015418e+01 2.321247126124317006e+01 3.518630547842788000e+16 3.518630547842788400e+16
3.020033206486893818e+01 2.369336186558988899e+01 3.020295799690373784e+01 2.369356551394320931e+01 3.518631658494468000e+16 3.518631658494468000e+16
3.098049580855274954e+01 2.180529860956965393e+01 3.098041458823033167e+01 2.180771053236269807e+01 3.518627193658036000e+16 3.518627193658039200e+16
3.135671695831578987e+01 2.333742540915034525e+01 3.135556363085759202e+01 2.333712129417927628e+01 3.518630549940154400e+16 3.518630549940154400e+16
3.135985561434500113e+01 2.148434109946985515e+01 3.136018560305351244e+01 2.148345916962781388e+01 3.518626631201739200e+16 3.518626631201739600e+16
3.152274982961232652e+01 2.177487723332896152e+01 3.152263599447363518e+01 2.177439285073732833e+01 3.518627194496893600e+16 3.518627194496893600e+16
3.178699501291577079e+01 2.497150693753552275e+01 3.178538594157510033e+01 2.497311001850026457e+01 3.518634418765977600e+16 3.518634418765978400e+16
3.302644785473876254e+01 1.495354676953953366e+01 3.302534240286735212e+01 1.495505817365511980e+01 3.518611696543478400e+16 3.518611696543478800e+16
3.259176571966825975e+01 1.202700531565789177e+01 3.258902423205086762e+01 1.202699487318791327e+01 3.518604638368820000e+16 3.518604638368820400e+16
3.265717962941836561e+01 1.209199579533916769e+01 3.265814944537000031e+01 1.209114711129100606e+01 3.518604638368934000e+16 3.518604638368934000e+16
3.714430517151772193e+01 1.219119200027606453e+01 3.714337511973268136e+01 1.218951103698611327e+01 3.518605237315285200e+16 3.518605237315285600e+16
3.779057785388270219e+01 1.288610888582672409e+01 3.778904931616628460e+01 1.288684836712189075e+01 3.518607008989202000e+16 3.518607008989202400e+16
3.372621598521432418e+01 1.328990982673991006e+01 3.372494527028948852e+01 1.328993865080698811e+01 3.518607591158796000e+16 3.518607591158796000e+16
3.345539104118514473e+01 1.184887698751410312e+01 3.345806240430147938e+01 1.184893530993588406e+01 3.518604047810920800e+16 3.518604047810920800e+16
3.354644692011270735e+01 1.213382694938329287e+01 3.354671349435255934e+01 1.213150520209429750e+01 3.518605231443159600e+16 3.518605231443160000e+16
3.370301083358850036e+01 1.224343896612566773e+01 3.370203346874868799e+01 1.224530412082444997e+01 3.518605231443287200e+16 3.518605231443332800e+16
3.387451094716413280e+01 1.256797697217584719e+01 3.387559472062968524e+01 1.257013635552733177e+01 3.518605822420874800e+16 3.518605822420877600e+16
3.322546256570101519e+01 1.016195842259110904e+01 3.322781434960266722e+01 1.016224262862270855e+01 3.518600484749377200e+16 3.518600484749377600e+16
3.863789395091808387e+01 1.378570552982787945e+01 3.863779020330335356e+01 1.378687637106747133e+01 3.518608776049795200e+16 3.518608776049795600e+16
3.893199167669476424e+01 1.181697096099371791e+01 3.893437089291530384e+01 1.181765630933499800e+01 3.518604056618988800e+16 3.518604056618989600e+16
3.883111052385027051e+01 1.148225202063044392e+01 3.883378494728943764e+01 1.148258632401687152e+01 3.518603464383052000e+16 3.518603464383052400e+16
3.844126577029405922e+01 1.499144417232766990e+01 3.844146023839395809e+01 1.499222606000890323e+01 3.518611705351552800e+16 3.518611705351552800e+16
3.476120481803646101e+01 1.352458502040133403e+01 3.476040735992391717e+01 1.352341697945117538e+01 3.518608181716915600e+16 3.518608181716916000e+16
3.498730179995442313e+01 1.038663277064418899e+01 3.498982850710766712e+01 1.038611437927868586e+01 3.518601082437664000e+16 3.518601082437664400e+16
3.426676349829333645e+01 1.450991027283584600e+01 3.426858470601013096e+01 1.451098449836436366e+01 3.518610528429922000e+16 3.518610528429924800e+16
3.415259361145218975e+01 1.451278508125669298e+01 3.415255532274593264e+01 1.451293619102584920e+01 3.518610528429939200e+16 3.518610528429939200e+16
3.427493260120328245e+01 1.371241913953203451e+01 3.427329607673684819e+01 1.371371890335612953e+01 3.518608768919308000e+16 3.518608768919308000e+16
3.482601448334607142e+01 1.103630881841213096e+01 3.482673372824181257e+01 1.103659564921202829e+01 3.518602270684277200e+16 3.518602270684277600e+16
3.446564506218361856e+01 1.244194266180993047e+01 3.446406029818560768e+01 1.244397183536742091e+01 3.518605823259570000e+16 3.518605823259570000e+16
3.467790566867832780e+01 1.387333347670417183e+01 3.467850515160926506e+01 1.387406099218313926e+01 3.518608769338965600e+16 3.518608769338965600e+16
3.406732777351660957e+01 1.004701942883776411e+01 3.406654810524970145e+01 1.004735929585955923e+01 3.518599890836202400e+16 3.518599890836202400e+16
3.919043770856630715e+01 1.272129685208391159e+01 3.919165354959326919e+01 1.272226792749811253e+01 3.518606421786799200e+16 3.518606421786799600e+16
3.921484742256158995e+01 1.279403216182955916e+01 3.921439697837933380e+01 1.279581508879320495e+01 3.518606421786928800e+16 3.518606421786928800e+16
3.895497970424134593e+01 1.282148686306206997e+01 3.895283495122941986e+01 1.282124658336195111e+01 3.518606421367512400e+16 3.518606421367512800e+16
3.909809099757109152e+01 1.289782485364359310e+01 3.909864331690239680e+01 1.289932416213526700e+01 3.518607011086375200e+16 3.518607011086375200e+16
3.567531175234275054e+01 1.091110981630814436e+01 3.567700986932111817e+01 1.091231165027078731e+01 3.518602272361744800e+16 3.518602272361744800e+16
3.520558040022736890e+01 1.018811465273914862e+01 3.520618914025696711e+01 1.018732144745686874e+01 3.518600488104838400e+16 3.518600488104838400e+16
3.524269534592572484e+01 1.454611510326200730e+01 3.524070957932941184e+01 1.454636484310356792e+01 3.518610530107704800e+16 3.518610530107705200e+16
3.566755600990124719e+01 1.469199935856358863e+01 3.566800596947287261e+01 1.469030602816423325e+01 3.518611116471203200e+16 3.518611116471203200e+16
3.549666982943259086e+01 1.340806845072231646e+01 3.549781425807927349e+01 1.340959660990788294e+01 3.518608182974938400e+16 3.518608182974938800e+16
3.523424064275294398e+01 1.257237526688748908e+01 3.523662113982415889e+01 1.257300355878689402e+01 3.518605824518049600e+16 3.518605824518050800e+16
3.664226309538506143e+01 1.177048855767289837e+01 3.664453685731058385e+01 1.177124086293863137e+01 3.518604052843959200e+16 3.518604052843960400e+16
3.670691623605846843e+01 1.064531337506229391e+01 3.670867580124266993e+01 1.064586079865284596e+01 3.518601680125984000e+16 3.518601680125984400e+16
3.656275194118288852e+01 1.246183784573747211e+01 3.656193188787994330e+01 1.246051250204842020e+01 3.518605827034462000e+16 3.518605826615039600e+16
3.640171602558900332e+01 1.440398510304375890e+01 3.639918289675248531e+01 1.440520928261928013e+01 3.518610532204589200e+16 3.518610532204592400e+16
3.696510019784344792e+01 1.387326331648150735e+01 3.696304309823510437e+01 1.387211478812923637e+01 3.518608773113923200e+16 3.518608773113923200e+16
3.619021500606391584e+01 1.123750737258914434e+01 3.618834996398063453e+01 1.123777744698451819e+01 3.518602867114185200e+16 3.518602867114185600e+16
3.634802286958434792e+01 1.213340388496565581e+01 3.635058681772473221e+01 1.213352570873054859e+01 3.518605236056911600e+16 3.518605236056912000e+16
3.054609714259783715e+01 1.267477365135617973e+01 3.054609199826657573e+01 1.267737713685490597e+01 3.518606407526132000e+16 3.518606407526132400e+16
3.058417120609751194e+01 1.342693729423188032e+01 3.058375085290385798e+01 1.342605800294501606e+01 3.518608175005888800e+16 3.518608175005888800e+16
3.020760544321237973e+01 1.293608519077110230e+01 3.020959931245580776e+01 1.293550571189535958e+01 3.518606996406372400e+16 3.518606996406372800e+16
3.113772148802882356e+01 1.392185419170709793e+01 3.113736856472491255e+01 1.392060201272259334e+01 3.518609350669172800e+16 3.518609350669172800e+16
3.112261808634233518e+01 1.396562370950612930e+01 3.112042348184828811e+01 1.396466737013574466e+01 3.518609350669241600e+16 3.518609350669242000e+16
3.168359815992566197e+01 1.230588168671658167e+01 3.168614585522536231e+01 1.230659992414140547e+01 3.518605228087936800e+16 3.518605228087937600e+16
3.713206046133782934e+01 3.162251898689257246e+01 3.712989763547809474e+01 3.162311526927626204e+01 3.518648290587790400e+16 3.518648290587792000e+16
3.748926567242347829e+01 3.146902656027365097e+01 3.749103052605741482e+01 3.146701545260129507e+01 3.518648291426416400e+16 3.518648291426416400e+16
3.708862918753753490e+01 3.062276655237976541e+01 3.708612751910028038e+01 3.062196626042057801e+01 3.518646213568506800e+16 3.518646213568507200e+16
3.408463411985461278e+01 3.026242684830228669e+01 3.408679682567715474e+01 3.026124221171156492e+01 3.518645686344364000e+16 3.518645686344364000e+16
3.828043817589194475e+01 3.155203419286085875e+01 3.828188192497327691e+01 3.155175793755382685e+01 3.518648292265366800e+16 3.518648292265367200e+16
3.604166481886561257e+01 3.215480138849827796e+01 3.603924003493330019e+01 3.215600366325429604e+01 3.518649833252499200e+16 3.518649833252508400e+16
3.615243723474946336e+01 3.176791444126624242e+01 3.615030569936573102e+01 3.176675899899246502e+01 3.518648805228826800e+16 3.518648805228826800e+16
2.658169826106389522e+01 2.013968902784039372e+01 2.658130214257665003e+01 2.013796099042723498e+01 3.518623796271531200e+16 3.518623796271531200e+16
2.699140103766901433e+01 2.281087978868334076e+01 2.699387229281668965e+01 2.280968492695405558e+01 3.518629428383217600e+16 3.518629428383220800e+16
2.766729027647050998e+01 2.386787418947720241e+01 2.766555345888617978e+01 2.387008522789859555e+01 3.518631654719929600e+16 3.518631654719932400e+16
2.746402547361344659e+01 2.156187300073459312e+01 2.746360307076280094e+01 2.156414873564248325e+01 3.518626625329863600e+16 3.518626625329864000e+16
2.737255665680103078e+01 2.105384420114079091e+01 2.737213410097968591e+01 2.105186460144010852e+01 3.518625497062144400e+16 3.518625497062144800e+16
2.734490574152204800e+01 2.166236667651974201e+01 2.734646608097040854e+01 2.166391499365463957e+01 3.518627187785795200e+16 3.518627187785795600e+16
2.740769673321901578e+01 2.026258900182413214e+01 2.740993600534549302e+01 2.026375543077288199e+01 3.518623797949473600e+16 3.518623797949473600e+16
2.784011500681009821e+01 2.045945511840411157e+01 2.784223483704343138e+01 2.045898592025400120e+01 3.518624366277565600e+16 3.518624366277565600e+16
2.390908463962029273e+01 2.034148171794018367e+01 2.390900108077461894e+01 2.034384404371218835e+01 3.518623792077654400e+16 3.518623792077660800e+16
2.887544795357232985e+01 2.475341258475785722e+01 2.887637617674807444e+01 2.475260030897679187e+01 3.518633865117904000e+16 3.518633865117904400e+16
2.863823096681289115e+01 2.149448889184776590e+01 2.863662511582279535e+01 2.149537690564971015e+01 3.518626627007488000e+16 3.518626627007488400e+16
2.808155307758477193e+01 2.414686656697200817e+01 2.808204216212325122e+01 2.414901752843367788e+01 3.518632761596315200e+16 3.518632761596319200e+16
2.462178235953407324e+01 2.132607330790740008e+01 2.462036698202127738e+01 2.132478786963806172e+01 3.518626057001707600e+16 3.518626057001708000e+16
2.498614025145645812e+01 2.033528157752642329e+01 2.498781088711151810e+01 2.033539950230614579e+01 3.518623793755308000e+16 3.518623793755308400e+16
2.923455810314282033e+01 2.415625320749850502e+01 2.923628438376865901e+01 2.415677604929672739e+01 3.518632763274091200e+16 3.518632763274091200e+16
2.948665910639514109e+01 2.478767030585450826e+01 2.948801761334907567e+01 2.478661511941167106e+01 3.518633865956780800e+16 3.518633865956780800e+16
2.925564015195308443e+01 2.385146160306719310e+01 2.925814689540140634e+01 2.385216051701675966e+01 3.518631657236516000e+16 3.518631657236516000e+16
2.523436762571825298e+01 2.115107172914075662e+01 2.523423018131277473e+01 2.115007226196992818e+01 3.518626058259707200e+16 3.518626058259708000e+16
2.591635476249766512e+01 2.002316372707241854e+01 2.591394388409690208e+01 2.002337881715691736e+01 3.518623226685312000e+16 3.518623226685312400e+16
2.578012156521995024e+01 2.109905542997873695e+01 2.578129962887530624e+01 2.110154460164170587e+01 3.518625494545593200e+16 3.518625494545593600e+16
2.585383542485019248e+01 2.046626916567423748e+01 2.585357061744046803e+01 2.046425293704024639e+01 3.518624362922144400e+16 3.518624362922144400e+16
2.567627908209397702e+01 2.059401953527623519e+01 2.567462625762554751e+01 2.059528061393373832e+01 3.518624362922360800e+16 3.518624362922361200e+16
3.765410322964804379e+01 8.727401053544431520e+00 3.765281083049769251e+01 8.729351775124714052e+00 3.518596913719044400e+16 3.518596913719044400e+16
3.712373171147875439e+01 7.348799886187310726e+00 3.712264952959665010e+01 7.350967593652410592e+00 3.518593319620236800e+16 3.518593319620236800e+16
3.712876886319837411e+01 7.408633289011524958e+00 3.712868735509609763e+01 7.409257441678700040e+00 3.518593919405316800e+16 3.518593919405317200e+16
3.719976755824447423e+01 8.381867500510345792e+00 3.719923966865562193e+01 8.381565125686247342e+00 3.518596315191708000e+16 3.518596315191708800e+16
3.859009303887636833e+01 8.261328376769942139e+00 3.859019035796615071e+01 8.262522407235486810e+00 3.518595719181378800e+16 3.518595719181379200e+16
3.885923219643267856e+01 5.490444291976865010e+00 3.885799292456870546e+01 5.488913952542092467e+00 3.518589116507957600e+16 3.518589116507958000e+16
3.869549297640573116e+01 7.322160934076473282e+00 3.869511676938828515e+01 7.323290390570186048e+00 3.518593322136764400e+16 3.518593322136764800e+16
3.880717643944789330e+01 9.804479572590397041e+00 3.880538382544638409e+01 9.804204155684049127e+00 3.518599303214240000e+16 3.518599303214240000e+16
3.465772311912351711e+01 9.128557463402632521e+00 3.465743914727462283e+01 9.127295021880289738e+00 3.518598103223504800e+16 3.518598103223505200e+16
3.973973267317412450e+01 7.309996048471745667e+00 3.973840893331765756e+01 7.309559729324493382e+00 3.518593323814486000e+16 3.518593323814486000e+16
3.983971515166788180e+01 9.263233983685877249e+00 3.984040076923335505e+01 9.265555379200167252e+00 3.518598112031786800e+16 3.518598112031789600e+16
3.926182772567339896e+01 6.173799190304256612e+00 3.926074270843076164e+01 6.175809281381634541e+00 3.518590921736312800e+16 3.518590921736314000e+16
3.914659360930033216e+01 7.634802313898272352e+00 3.914762047358698283e+01 7.637037290690010138e+00 3.518594522546189600e+16 3.518594522546204800e+16
3.944109438684240132e+01 8.149594871279109753e+00 3.944266064826064877e+01 8.150955322601676656e+00 3.518595720858875200e+16 3.518595720858877600e+16
3.973652374330793435e+01 6.794257438345852051e+00 3.973773867112966229e+01 6.794499829306272609e+00 3.518592123824046000e+16 3.518592123824046000e+16
3.940324966524060102e+01 9.163339884118872902e+00 3.940177020650133954e+01 9.161366861447611143e+00 3.518598111192764000e+16 3.518598111192764000e+16
3.541543112525053516e+01 8.920827741663529764e+00 3.541469771757939355e+01 8.921262870055521432e+00 3.518597507632444000e+16 3.518597507632444000e+16
3.636524206473907128e+01 8.732995493943494836e+00 3.636482033289021132e+01 8.733235616066075124e+00 3.518596911621920800e+16 3.518596911621920800e+16
3.625204603915048551e+01 9.956059576223307062e+00 3.625059739683801041e+01 9.954474310742646992e+00 3.518599894191449600e+16 3.518599894191449600e+16
4.028927182896886450e+01 1.141406518442695806e+01 4.028714299970095425e+01 1.141566130824175929e+01 3.518603466899536800e+16 3.518603466899537200e+16
4.047641363414399507e+01 1.232526801785326143e+01 4.047827079166074071e+01 1.232429311772401093e+01 3.518605242768106400e+16 3.518605242768106400e+16
4.190391188433261505e+01 1.452142480292656579e+01 4.190638923719698283e+01 1.452273753571840942e+01 3.518610541012836800e+16 3.518610541012839600e+16
4.184126032481150759e+01 1.411729639350155097e+01 4.184105542826028312e+01 1.411810899778092576e+01 3.518609368285554800e+16 3.518609368285555200e+16
4.173586779900549004e+01 1.191249323009387240e+01 4.173475738102401067e+01 1.191271055661814948e+01 3.518604653468126400e+16 3.518604653468126800e+16
4.139863672773051206e+01 1.466216907157750704e+01 4.139862793092651572e+01 1.466400831643126779e+01 3.518611125698623600e+16 3.518611125698623600e+16
4.105548221305657108e+01 1.051428867259526889e+01 4.105637329453165307e+01 1.051224184479813673e+01 3.518601092504190400e+16 3.518601092504190800e+16
4.163892769955245399e+01 1.244555386961543064e+01 4.164029919438542748e+01 1.244660685381991705e+01 3.518605835003635200e+16 3.518605835003635600e+16
4.267019532557051775e+01 1.193066261705683395e+01 4.267105963137022684e+01 1.193188805583229772e+01 3.518604655145841600e+16 3.518604655145841600e+16
4.273092510252746479e+01 1.201699336606849045e+01 4.273044808039657028e+01 1.201552777504752711e+01 3.518604655145959200e+16 3.518604655145959600e+16
4.277297189450601422e+01 1.398462468056854568e+01 4.277214420492934011e+01 1.398650171453931002e+01 3.518609369962952000e+16 3.518609369962952000e+16
4.288059187646047832e+01 1.370626666966186846e+01 4.288138314512502092e+01 1.370883914626357303e+01 3.518608782760438000e+16 3.518608782760446400e+16
4.220676074443580461e+01 1.321452877261535619e+01 4.220738926389538648e+01 1.321478025499765607e+01 3.518607604999949600e+16 3.518607604999949600e+16
4.248762673234963216e+01 1.476410807337761533e+01 4.248895747976251158e+01 1.476367087235510134e+01 3.518611127376464400e+16 3.518611127376464800e+16
4.232025925455190674e+01 1.096907509524584512e+01 4.232262918995348144e+01 1.096960097179655236e+01 3.518602283266932800e+16 3.518602283266932800e+16
4.222897381905769265e+01 1.097182995093423585e+01 4.222903285632784076e+01 1.097412801424558992e+01 3.518602283266934400e+16 3.518602283266934400e+16
4.283978045950150459e+01 1.328343501744928901e+01 4.284104457761932849e+01 1.328479824649064867e+01 3.518607606258288400e+16 3.518607606258292000e+16
4.353789659347673791e+01 1.267566762704972128e+01 4.353664916154924214e+01 1.267386540671842354e+01 3.518606428916954400e+16 3.518606428916954400e+16
4.296878969923901792e+01 1.366950704448677101e+01 4.296802575490757903e+01 1.366770101808011972e+01 3.518608783179784800e+16 3.518608783179784800e+16
4.342763894353314669e+01 1.240494984633501652e+01 4.342851124542648478e+01 1.240752857129439057e+01 3.518605837939544400e+16 3.518605837939547600e+16
4.340257169140648585e+01 1.277393690558401929e+01 4.340040684429650497e+01 1.277524461500970965e+01 3.518606428497689600e+16 3.518606428497692000e+16
2.639042956537881324e+01 1.718102967760659183e+01 2.639304588683659603e+01 1.718163431788723372e+01 3.518616916774200000e+16 3.518616916774201200e+16
2.630189852129872108e+01 1.664591568366768826e+01 2.630177529179636764e+01 1.664488706875388857e+01 3.518615759565657600e+16 3.518615759565658000e+16
2.695360155601214558e+01 1.843072148689436318e+01 2.695508588518178072e+01 1.843081322884985696e+01 3.518619798680464400e+16 3.518619798680464800e+16
2.698891525701493421e+01 1.872915421452768570e+01 2.698695714256609435e+01 1.872758639238278278e+01 3.518620372461311200e+16 3.518620372461311200e+16
2.781491239839900231e+01 1.608752791819156513e+01 2.781479518236684711e+01 1.608668448734105993e+01 3.518614021026983600e+16 3.518614021026983600e+16
2.834903001778118892e+01 1.729077846220606673e+01 2.834937075341224499e+01 1.729042373135568056e+01 3.518616919710425600e+16 3.518616919710426000e+16
2.874776063020293648e+01 1.848249423249558987e+01 2.874692333096427888e+01 1.848419119290396040e+01 3.518619801616555200e+16 3.518619801616555200e+16
2.878932975033878350e+01 1.714431244729832926e+01 2.879040960972157848e+01 1.714562958348776434e+01 3.518616920549058400e+16 3.518616920549058400e+16
2.473080151643976166e+01 1.777165002784730063e+01 2.473134604793268565e+01 1.776966525575482336e+01 3.518618068949644800e+16 3.518618068949645200e+16
2.996253530937052645e+01 1.826967473428416966e+01 2.996093099262705550e+01 1.827023775388199311e+01 3.518619229094162400e+16 3.518619229094162400e+16
2.909158514911771576e+01 1.663844403861773813e+01 2.909203276486784517e+01 1.663977274366644821e+01 3.518615764179379600e+16 3.518615764179380000e+16
2.920629112917217896e+01 1.632547191155937227e+01 2.920777770342539270e+01 1.632521390867219324e+01 3.518614604454614000e+16 3.518614604454614400e+16
2.992529198752668762e+01 1.964899921378549053e+01 2.992553192660763273e+01 1.964767275969583338e+01 3.518622663390048800e+16 3.518622663390049200e+16
2.537676906343699557e+01 1.912753776074703183e+01 2.537591216505266800e+01 1.912700688855193576e+01 3.518621514989576400e+16 3.518621514989576800e+16
2.572069658840245054e+01 1.747655225025362924e+01 2.571812240739487976e+01 1.747539379162629558e+01 3.518617493491063600e+16 3.518617493491063600e+16
2.596685461735451739e+01 1.811321640077900597e+01 2.596746582593312169e+01 1.811561469854102313e+01 3.518618646924913600e+16 3.518618646924918800e+16
4.464228684423184745e+01 5.864464351916542029e+00 4.464240039835360108e+01 5.861865079942964130e+00 3.518589727618327200e+16 3.518589727618327200e+16
4.433368111851815740e+01 5.762946107890157599e+00 4.433444543459576437e+01 5.765407492954105706e+00 3.518589727198658000e+16 3.518589727198663600e+16
4.403468766103784304e+01 5.943949971670871690e+00 4.403544425142540319e+01 5.945027977200363800e+00 3.518590328242289600e+16 3.518590328242289600e+16
4.448049910472676771e+01 7.198296545644605082e+00 4.448204739825518317e+01 7.200018060581804491e+00 3.518593331783411200e+16 3.518593331783412400e+16
4.477453057217014987e+01 5.820794220489129422e+00 4.477356960663387042e+01 5.821751893094068819e+00 3.518589728037708800e+16 3.518589728037708800e+16
4.463175691603300521e+01 6.706385497527257655e+00 4.462928195743688065e+01 6.707374070716461745e+00 3.518592131793030800e+16 3.518592131793033600e+16
4.581010400615691935e+01 6.829453877919640981e+00 4.580988426515028777e+01 6.827396785716927319e+00 3.518592133890302800e+16 3.518592133890303200e+16
4.568089593602624632e+01 7.099152212472946033e+00 4.567863098542677847e+01 7.099000753077501003e+00 3.518592734095245600e+16 3.518592734095246000e+16
4.533180212269177645e+01 5.581067180531721128e+00 4.533359902504100347e+01 5.579720841524458130e+00 3.518589127413387200e+16 3.518589127413388000e+16
4.540022268131872352e+01 5.366038239009097488e+00 4.539940623404270070e+01 5.367877637797803914e+00 3.518588525530814800e+16 3.518588525530815200e+16
4.535761116826559203e+01 6.136897271775115570e+00 4.535524015300525491e+01 6.137567844299819164e+00 3.518590931802549200e+16 3.518590931802552000e+16
4.634873405881624109e+01 5.751261953089214174e+00 4.634719140200008525e+01 5.752726318421305329e+00 3.518589730553973600e+16 3.518589730553975600e+16
4.641446030696553038e+01 5.169225682433128632e+00 4.641675707829420361e+01 5.170335085957475485e+00 3.518588527208100000e+16 3.518588527208102400e+16
4.650285553052719223e+01 5.356925026049117911e+00 4.650045470408587533e+01 5.357655283174914906e+00 3.518588527208304000e+16 3.518588527208304400e+16
4.018427262367520569e+01 9.616661283536505067e+00 4.018282641406822364e+01 9.618796671143199362e+00 3.518598708881470400e+16 3.518598708881475600e+16
4.025661494472761603e+01 9.667259858572364806e+00 4.025745596242558833e+01 9.669027186364443693e+00 3.518599305311123200e+16 3.518599305311123600e+16
4.052776951295687979e+01 8.487819197328425602e+00 4.052785013514035484e+01 8.490405754101789881e+00 3.518596320644496800e+16 3.518596320644501600e+16
4.066418735768139925e+01 5.712169252217258020e+00 4.066529110573322470e+01 5.711524733090477035e+00 3.518589720907161600e+16 3.518589720907161600e+16
4.012736877843259009e+01 8.793072486529640130e+00 4.012667049908656480e+01 8.792437797949702372e+00 3.518596917913471600e+16 3.518596917913472000e+16
4.015613728317125464e+01 5.729265954654412241e+00 4.015574250374430676e+01 5.727911114169605966e+00 3.518589720068333200e+16 3.518589720068333600e+16
4.073715716232132422e+01 7.739299732694384204e+00 4.073536104494451848e+01 7.739388380050644223e+00 3.518594525062974000e+16 3.518594525062974400e+16
4.067287029845002877e+01 9.598347048267617865e+00 4.067312882926643880e+01 9.600986333908727133e+00 3.518598709720326400e+16 3.518598709720331200e+16
4.026588541516296260e+01 7.741808852021494047e+00 4.026763946576322439e+01 7.740199385603505178e+00 3.518594524224139600e+16 3.518594524224141200e+16
4.015666672664017511e+01 7.836203941790431671e+00 4.015471087618498558e+01 7.838101457815185746e+00 3.518594524224346000e+16 3.518594524224354400e+16
4.050684135303974642e+01 5.283700315898609112e+00 4.050731261033759978e+01 5.281791540535572871e+00 3.518588517142053600e+16 3.518588517142053600e+16
4.032117179866659029e+01 8.130713918742930701e+00 4.031909287617107651e+01 8.131517551787188935e+00 3.518595722117130400e+16 3.518595722117132000e+16
4.195304297296900131e+01 7.173847443678901925e+00 4.195234666360314435e+01 7.176133068842415419e+00 3.518593327589051200e+16 3.518593327589056800e+16
4.108934177665678078e+01 6.026043835685956473e+00 4.108792105889635593e+01 6.027433635541284751e+00 3.518590323209272800e+16 3.518590323209272800e+16
4.139931066427596562e+01 7.136264984917638721e+00 4.139971072505250760e+01 7.137010789213491080e+00 3.518593326750125600e+16 3.518593326750126000e+16
4.200250266150732159e+01 5.061712388802799722e+00 4.200194595523801411e+01 5.063935215836483650e+00 3.518587917356620800e+16 3.518587917356626800e+16
4.155020596559490542e+01 5.630533993646705149e+00 4.154875093360647753e+01 5.632599129398149884e+00 3.518589722584689600e+16 3.518589722584692000e+16
4.167028117640358431e+01 5.741244031752612997e+00 4.167085371480646216e+01 5.743481944266696892e+00 3.518589722584883600e+16 3.518589722584887600e+16
4.149681590016889743e+01 8.432206058157909467e+00 4.149858586404396732e+01 8.430259755432539137e+00 3.518596322322129600e+16 3.518596322322129600e+16
4.292701648894500721e+01 6.944356564563419099e+00 4.292468302501902144e+01 6.944268090363143742e+00 3.518592729481365600e+16 3.518592729481365600e+16
4.260022634665678964e+01 6.334686874166483683e+00 4.259809928399868539e+01 6.333657041234181051e+00 3.518590927189246800e+16 3.518590927189246800e+16
4.293673364776106638e+01 5.323427274363592865e+00 4.293571894718943582e+01 5.322159381437764125e+00 3.518588521336484000e+16 3.518588521336484400e+16
4.285652411036356568e+01 7.893613391986493255e+00 4.285776053073440295e+01 7.891687496725964479e+00 3.518595127364850800e+16 3.518595127784278800e+16
4.231049853472170952e+01 5.750083829362557353e+00 4.231038017951032515e+01 5.751481178950609063e+00 3.518589723843222800e+16 3.518589723843223200e+16
4.239230479248845995e+01 9.831503172279713709e+00 4.239173544735879773e+01 9.830639130208933096e+00 3.518599309086270400e+16 3.518599309086270800e+16
4.208870613309546371e+01 5.451377884061861856e+00 4.209104940051752664e+01 5.451443515078405078e+00 3.518589121960512000e+16 3.518589121960513600e+16
4.249005200996221276e+01 9.197517596511129767e+00 4.249151424088926632e+01 9.199198921131889861e+00 3.518598116225987600e+16 3.518598116225987600e+16
4.345782004452566838e+01 7.208935506793423542e+00 4.345528229527794650e+01 7.209142488666109294e+00 3.518593330105700800e+16 3.518593330105701200e+16
4.301297050807768585e+01 6.204754153089137247e+00 4.301091147249863411e+01 6.204429968674225471e+00 3.518590928027800000e+16 3.518590928027800000e+16
4.368072025088070376e+01 7.425120506669122378e+00 4.368313813923135314e+01 7.424626652453234499e+00 3.518593930310532000e+16 3.518593930310532000e+16
4.365125614154693778e+01 6.910314274419153691e+00 4.365220380316474547e+01 6.912353166719317876e+00 3.518592730739588800e+16 3.518592730739589200e+16
4.335961337753909817e+01 8.511656970783954890e+00 4.335775310487527179e+01 8.510737424570724130e+00 3.518596325258236800e+16 3.518596325258236800e+16
4.319856314129916797e+01 8.584001298175166994e+00 4.319733465847509279e+01 8.584525019050802896e+00 3.518596325258346000e+16 3.518596325258346000e+16
4.337082181575587470e+01 8.285533499219491560e+00 4.337083957567411829e+01 8.287653817694160097e+00 3.518595727150494800e+16 3.518595727150494800e+16
4.339056977042365304e+01 6.499460141930379464e+00 4.338932561864724136e+01 6.498032872265911308e+00 3.518591529071596000e+16 3.518591529071596000e+16
4.316504503896666733e+01 8.268678652421341368e+00 4.316518759956504425e+01 8.266772206975415926e+00 3.518595726731049600e+16 3.518595726731050000e+16
2.958425436572407818e+01 2.520275813708858337e+01 2.958507990035439761e+01 2.520291025042135402e+01 3.518634964025464800e+16 3.518634964025465200e+16
2.844749770229763897e+01 1.445138854998253741e+01 2.844733467649816205e+01 1.445009670823753289e+01 3.518610519202344000e+16 3.518610519202344400e+16
2.842653803849831462e+01 1.478020562042813779e+01 2.842771025758225889e+01 1.478134021139593379e+01 3.518611104727305600e+16 3.518611104727305600e+16
2.886712992544456213e+01 1.396610684252655510e+01 2.886535274057474254e+01 1.396624554766495585e+01 3.518609347313862800e+16 3.518609347313862800e+16
2.883778058789436471e+01 1.473505834370729950e+01 2.883896727235556767e+01 1.473479243115290949e+01 3.518611105146675200e+16 3.518611105146675600e+16
3.218963414848593629e+01 1.750107440619221322e+01 3.218869882533289228e+01 1.749932849047763739e+01 3.518617503976878400e+16 3.518617503976878400e+16
3.309191351099538991e+01 1.500892083629725349e+01 3.309163388747438717e+01 1.500729687797977263e+01 3.518611696543578000e+16 3.518611696543578000e+16
3.300501704530797298e+01 1.508683145379701962e+01 3.300547115731949788e+01 1.508611430506375406e+01 3.518611696543722800e+16 3.518611696543722800e+16
3.229482365898859086e+01 1.796661001870916152e+01 3.229661354777620375e+01 1.796859959895436987e+01 3.518618657410413600e+16 3.518618657410416000e+16
3.737934780315208627e+01 1.744697690669201862e+01 3.738008048391594684e+01 1.744669183641869736e+01 3.518617511945938400e+16 3.518617511945938400e+16
3.793597343835759972e+01 1.837472957778996374e+01 3.793767791004663081e+01 1.837580211289163756e+01 3.518619241677325600e+16 3.518619816296464800e+16
3.790756459476087059e+01 1.970831070792729989e+01 3.790670093532426677e+01 1.970867719546591701e+01 3.518622675973084000e+16 3.518622675973084000e+16
3.772126594935126320e+01 1.793173681222743454e+01 3.772261015039985921e+01 1.793080241227070104e+01 3.518618665798956400e+16 3.518618665798956800e+16
3.298916552353230713e+01 1.542182983197912982e+01 3.298983275014550998e+01 1.542051617741534564e+01 3.518612864237644000e+16 3.518612864237644000e+16
3.362880512662938060e+01 1.780126118180164951e+01 3.362840422982352351e+01 1.780289240402468209e+01 3.518618083210325600e+16 3.518618083210326400e+16
3.865822617924992244e+01 1.741541156405773449e+01 3.866065792490249464e+01 1.741475111981634782e+01 3.518617514043051600e+16 3.518617514043052000e+16
3.845461255231440845e+01 1.900658853426256201e+01 3.845647646703478273e+01 1.900533193269341936e+01 3.518620963438832000e+16 3.518620963438832000e+16
3.812982218298244419e+01 1.799291778198339387e+01 3.813009317587099645e+01 1.799325668898250541e+01 3.518618666637923200e+16 3.518618666637923200e+16
3.813986591478354882e+01 1.984636362659878728e+01 3.814103571398893422e+01 1.984680513569157512e+01 3.518622676392786000e+16 3.518622676392786400e+16
3.497317039594127408e+01 1.601979496305150619e+01 3.497374736329714295e+01 1.602054919503861896e+01 3.518614032351538400e+16 3.518614032351538800e+16
3.469087523549756469e+01 1.888967800661198027e+01 3.469187141770939320e+01 1.888719336575432450e+01 3.518620957566591600e+16 3.518620957566591600e+16
3.437129131699789752e+01 1.988364628824704994e+01 3.437284816746893057e+01 1.988589727864310674e+01 3.518623240106857600e+16 3.518623240106860800e+16
3.477639715209073756e+01 1.504674398287035153e+01 3.477848694589447121e+01 1.504715268947895979e+01 3.518611699479684800e+16 3.518611699479685200e+16
3.427764017223512383e+01 1.536614210066791308e+01 3.427726376495644445e+01 1.536608799931059011e+01 3.518612282488062400e+16 3.518612282488062400e+16
3.923424080199949060e+01 1.913252208940741639e+01 3.923500794363833677e+01 1.913193800701894531e+01 3.518621536799963200e+16 3.518621536799963200e+16
3.934799500310264619e+01 1.549866038910929511e+01 3.934659646018660339e+01 1.549675031395688407e+01 3.518612874304079200e+16 3.518612874304079200e+16
3.908907598957214447e+01 1.988493592000806487e+01 3.908796279471448543e+01 1.988401378820898913e+01 3.518623247656570400e+16 3.518623247656570400e+16
3.964492035686392768e+01 1.823125275752116536e+01 3.964587001148940715e+01 1.823020546579962087e+01 3.518619244193574400e+16 3.518619244193574400e+16
3.577463515704939567e+01 1.798586217091212447e+01 3.577295596523668308e+01 1.798462354662760632e+01 3.518618662863004800e+16 3.518618662863005200e+16
3.576584168199453018e+01 1.657872684942767094e+01 3.576372931825060419e+01 1.657760558421615471e+01 3.518615195432092400e+16 3.518615195432092800e+16
3.540137429378447820e+01 1.884093840823074828e+01 3.540300330420951269e+01 1.884006613173731992e+01 3.518620385883359200e+16 3.518620385883359200e+16
3.619252345843440821e+01 1.886481098569831261e+01 3.619186111785212745e+01 1.886390690823018446e+01 3.518620387141601600e+16 3.518620387141601600e+16
3.695292376407130064e+01 1.695813487581401091e+01 3.695290161817197827e+01 1.696028923295332191e+01 3.518616355576348400e+16 3.518616355576348400e+16
3.684851411463618831e+01 1.568956337953948399e+01 3.684761915605622562e+01 1.568722735335390261e+01 3.518613453537384800e+16 3.518613453537384800e+16
3.612026959923998248e+01 1.608398898203488514e+01 3.611920957221544626e+01 1.608175758381664266e+01 3.518614034448783200e+16 3.518614034448783200e+16
3.639488561734135175e+01 1.827590010637555551e+01 3.639313819853606446e+01 1.827792010799150191e+01 3.518619239160544800e+16 3.518619239160548400e+16
3.626503016119331591e+01 1.733066760837506237e+01 3.626701112102576019e+01 1.733180363441507055e+01 3.518616932293449600e+16 3.518616932293449600e+16
3.058136600113710557e+01 1.631346457081239265e+01 3.058040195333527933e+01 1.631266808011774927e+01 3.518614606551734400e+16 3.518614606551734400e+16
3.015598573835418250e+01 1.740199300668016846e+01 3.015763042996577781e+01 1.740235570438795776e+01 3.518617500621261600e+16 3.518617500621261600e+16
3.012259323601504590e+01 1.562339620401292883e+01 3.012188466523980424e+01 1.562220816317068817e+01 3.518612859624244000e+16 3.518612859624244000e+16
3.024128109267671505e+01 1.623723771943826932e+01 3.023850470807081336e+01 1.623709760308594596e+01 3.518614606132167200e+16 3.518614606132167200e+16
3.096452479725864748e+01 1.993695588969819710e+01 3.096356360852977829e+01 1.993610862543541629e+01 3.518623234654315200e+16 3.518623234654315200e+16
3.130425120204520439e+01 1.763358371323386820e+01 3.130428715613444624e+01 1.763477058898114436e+01 3.518618079435186400e+16 3.518618079435188000e+16
3.172404252703306327e+01 1.982178134991257679e+01 3.172519232392437161e+01 1.982021961928633758e+01 3.518622666326348000e+16 3.518622666326348000e+16
3.122215410658026968e+01 1.709962385196535450e+01 3.122315559168727006e+01 1.710194259383100857e+01 3.518616346349128000e+16 3.518616346349128400e+16
3.125604615863623081e+01 1.625257325375390849e+01 3.125570122905554626e+01 1.625426773807145864e+01 3.518614607809934000e+16 3.518614607809934000e+16
3.128696112625361181e+01 1.972603549008339741e+01 3.128728148288158195e+01 1.972404358471031571e+01 3.518622665906779200e+16 3.518622665906779600e+16
3.123401771865222543e+01 1.937978992130112843e+01 3.123137562346408558e+01 1.938008447240345689e+01 3.518622095061827200e+16 3.518622095061827200e+16
3.208537865707074843e+01 1.561121067719821554e+01 3.208680852753785473e+01 1.560924266591366916e+01 3.518612862560220400e+16 3.518612862560220800e+16
3.182850391453320782e+01 1.845426748708174003e+01 3.182773478061568895e+01 1.845545560750950287e+01 3.518619806230255200e+16 3.518619806230255600e+16
4.860887230664292957e+01 3.151477300837983719e+00 4.860859017319442898e+01 3.152420624699802332e+00 3.518583708372234400e+16 3.518583708372234400e+16
4.853347499361689898e+01 3.329239829431541065e+00 4.853179450299847986e+01 3.328824803569310653e+00 3.518583707953166400e+16 3.518583707953166400e+16
4.814086206709423976e+01 3.925951558262982921e+00 4.814073689298968617e+01 3.927731684080048691e+00 3.518585516956134000e+16 3.518585516956134400e+16
4.906756219054400958e+01 3.897962199387533300e+00 4.906792621295949175e+01 3.899029087994729359e+00 3.518585518214376000e+16 3.518585518214376000e+16
4.451285942833235509e+01 4.521951121149206720e+00 4.451052528818414800e+01 4.521354769419009045e+00 3.518586716946718800e+16 3.518586716946718800e+16
4.496157170033512074e+01 6.281273926031982757e-01 4.496383026399364979e+01 6.293187864215085137e-01 3.518577662282974400e+16 3.518577662282975200e+16
4.477475876734557403e+01 2.100572144929605756e+00 4.477619012574182022e+01 2.102630684492255320e+00 3.518580682182436000e+16 3.518580682182438400e+16
4.484684101502119802e+01 2.713213510451755628e+00 4.484777754638908220e+01 2.713389569276553281e+00 3.518582494121342400e+16 3.518582494121342400e+16
4.459694328805624508e+01 4.801882543528005698e+00 4.459544676115279316e+01 4.800607137626456300e+00 3.518587319248903200e+16 3.518587319248903200e+16
4.489964495147248158e+01 4.363943691809693881e+00 4.489984435704288757e+01 4.366315702914332242e+00 3.518586114644804800e+16 3.518586114644804800e+16
4.457413754956345997e+01 3.262923699070570560e+00 4.457560596868064096e+01 3.263898150458569791e+00 3.518583701661569200e+16 3.518583701661569600e+16
4.597998088533468319e+01 2.722742491076162175e+00 4.598048771720453942e+01 2.724256597492920928e+00 3.518582495799079200e+16 3.518582495799079200e+16
4.589508120288574844e+01 1.097346664942192795e+00 4.589391904462642202e+01 1.095728928438773897e+00 3.518578267940901600e+16 3.518578267940901600e+16
4.591522451389089099e+01 2.461321662741179139e+00 4.591392066352734247e+01 2.463230571364028787e+00 3.518581891819281200e+16 3.518581891819285600e+16
4.591981526897085075e+01 4.054692197949477439e+00 4.591976793989477557e+01 4.053459654389349964e+00 3.518585513181517600e+16 3.518585513181517600e+16
4.553417749416636440e+01 1.299258282032762502e+00 4.553313230657032307e+01 1.299149056703644556e+00 3.518578871501151200e+16 3.518578871501151200e+16
4.666674110753261573e+01 4.816476609480280224e+00 4.666680563309856922e+01 4.818631915460173332e+00 3.518587323023436800e+16 3.518587323023436800e+16
4.617877769695686396e+01 4.938387941122640790e+00 4.618118798644260892e+01 4.938615849555027637e+00 3.518587924486645600e+16 3.518587924486645600e+16
4.035691514853507300e+01 4.177148104677874230e+00 4.035430729666151706e+01 4.176838720885922562e+00 3.518586107094774800e+16 3.518586107094774800e+16
4.771887167820267450e+01 3.079800908756808120e+00 4.771860634958215286e+01 3.078494129872763718e+00 3.518583102715066000e+16 3.518583102715066400e+16
4.806516896245132386e+01 3.965130685258035026e+00 4.806525826520084621e+01 3.963614691249652378e+00 3.518585516536800400e+16 3.518585516536800400e+16
4.792009075475630908e+01 3.411020228399546994e+00 4.792169030634960336e+01 3.411790595765707756e+00 3.518584310254886000e+16 3.518584310254886000e+16
4.756456646597318638e+01 4.229226034419763636e+00 4.756420814908722150e+01 4.226505235087066659e+00 3.518586118838849200e+16 3.518586118838849200e+16
4.751416620577190031e+01 3.434049527763062049e+00 4.751304012210909633e+01 3.436178384783039608e+00 3.518584309416035600e+16 3.518584309416038800e+16
4.148012090595722157e+01 3.206816582569257612e+00 4.147885775079314641e+01 3.208846935368123265e+00 3.518583696208908000e+16 3.518583696208912800e+16
4.177725861732144352e+01 3.102701667003887831e+00 4.177730885303107300e+01 3.104160700741205314e+00 3.518583093068450400e+16 3.518583093068450400e+16
4.257554520891793715e+01 2.699510237198863738e+00 4.257370913620766117e+01 2.697717454515719648e+00 3.518582490346488800e+16 3.518582490346489600e+16
4.267445531650512436e+01 2.413485420115886182e+00 4.267664392488450176e+01 2.413955396509303242e+00 3.518581886366664000e+16 3.518581886366664000e+16
4.328151140118087170e+01 4.526767321520186904e+00 4.328378630594196608e+01 4.526935317779675394e+00 3.518586714849734400e+16 3.518586714849736000e+16
4.367142657948510731e+01 3.381183142623933602e+00 4.366908526432393955e+01 3.380836018677436883e+00 3.518584303124497200e+16 3.518584303124497600e+16
4.341557148590963777e+01 1.776029392866932177e+00 4.341779799703991927e+01 1.775248225832044557e+00 3.518580075685858400e+16 3.518580075685858400e+16
4.311130688759924112e+01 3.536360759782378071e+00 4.311146335147289932e+01 3.534791325729810030e+00 3.518584302286108000e+16 3.518584302286108000e+16
4.311130688759924112e+01 3.536360759782378071e+00 4.311063991531280948e+01 3.537065834011620336e+00 3.518584302286108000e+16 3.518584302286108400e+16
4.311146335147289932e+01 3.534791325729810030e+00 4.311063991531280948e+01 3.537065834011620336e+00 3.518584302286108000e+16 3.518584302286108400e+16
