1.254564050396584776e+02 4.986184698180405661e+00 1.254573798642750972e+02 4.986041845913591786e+00 3.518588057026804800e+16 3.518588057026805200e+16
1.259434876405600505e+02 4.184570936520738416e-01 1.259448386344132871e+02 4.180579961496654895e-01 3.518577194198738800e+16 3.518577194198739200e+16
1.256388074963369093e+02 2.789930146026823543e+00 1.256384418560189147e+02 2.791895368654262466e+00 3.518582629597551200e+16 3.518582629597551200e+16
1.250105133835581910e+02 2.739402114152635015e+00 1.250079700062422035e+02 2.739046713748935602e+00 3.518582628758578400e+16 3.518582628758578400e+16
1.250240038580054858e+02 2.805432643923007507e+00 1.250244421802848791e+02 2.804889066225927152e+00 3.518582628758720800e+16 3.518582628758720800e+16
1.250211841321486190e+02 2.810030254323356402e+00 1.250217700101437117e+02 2.810450473285958317e+00 3.518582628758726400e+16 3.518582628758726400e+16
1.250211841321486190e+02 2.810030254323356402e+00 1.250200865276340210e+02 2.808343411598694495e+00 3.518582628758726400e+16 3.518582628758726800e+16
1.250217700101437117e+02 2.810450473285958317e+00 1.250200865276340210e+02 2.808343411598694495e+00 3.518582628758726400e+16 3.518582628758726800e+16
1.250551929829217102e+02 2.822652497849353903e+00 1.250528877404260299e+02 2.821624934129765894e+00 3.518582628758748800e+16 3.518582628758749600e+16
1.251944741329653397e+02 3.961373285417104206e+00 1.251927046243217205e+02 3.961696987446978735e+00 3.518585646140844800e+16 3.518585646140844800e+16
1.256852129103841378e+02 9.806478183427863593e-01 1.256831437530148321e+02 9.821931399886111302e-01 3.518578401739043200e+16 3.518578401739049600e+16
1.251556325590093905e+02 2.134126583784685671e+00 1.251578286540188287e+02 2.135374382739927857e+00 3.518581420798800400e+16 3.518581420798804000e+16
1.251815431450496021e+02 2.188612124788799296e+00 1.251800721611267164e+02 2.190291990284008783e+00 3.518581420798934400e+16 3.518581420798938000e+16
1.215177482497461909e+02 3.186899394159310894e+00 1.215181348979173777e+02 3.188477683691364639e+00 3.518583830426590000e+16 3.518583830426590400e+16
1.219368776351132055e+02 2.149081213425507730e+00 1.219385792357851557e+02 2.150510470673399066e+00 3.518581415346231600e+16 3.518581415346232000e+16
1.215830283382744597e+02 1.139337370378953995e+00 1.215818851360553481e+02 1.141011469331638217e+00 3.518578999007678400e+16 3.518578999007678400e+16
1.215098375178559564e+02 1.158421102928811841e+00 1.215112485558934594e+02 1.160083456817922354e+00 3.518578999007760800e+16 3.518578999007760800e+16
1.211828129170786355e+02 4.234213363347244297e+00 1.211813484416843778e+02 4.236119234053036919e+00 3.518586242570926000e+16 3.518586242570930000e+16
1.264663603418509439e+02 1.929555444624559746e+00 1.264676198320696727e+02 1.929557689922865249e+00 3.518580818916298800e+16 3.518580818916299200e+16
1.260433460834287587e+02 3.375319868933686962e+00 1.260439706534292696e+02 3.373141643271070134e+00 3.518584441117082400e+16 3.518583837976714800e+16
1.262031158429219317e+02 9.436177965877837748e-01 1.262053203166806412e+02 9.438436292648849646e-01 3.518578402577816000e+16 3.518578402577816800e+16
1.227340185310378473e+02 3.250556134407676989e+00 1.227341671639566982e+02 3.249861063111479265e+00 3.518583832523857600e+16 3.518583832523857600e+16
1.226877439889761945e+02 3.558142336878224121e+00 1.226868363680838172e+02 3.559389677983339606e+00 3.518584435664889600e+16 3.518584435664890000e+16
1.224094538280386359e+02 3.969268455627314562e+00 1.224105250102701206e+02 3.968802299612785855e+00 3.518585641107676400e+16 3.518585641107676400e+16
1.223727875874089648e+02 4.413800298220986740e+00 1.223734522421651860e+02 4.412856092209011649e+00 3.518586847389408000e+16 3.518586847389408000e+16
1.278982406329396895e+02 6.542015633199030900e-01 1.278982008427601471e+02 6.568404291346786605e-01 3.518577801533928800e+16 3.518577801533928800e+16
1.271716150705637887e+02 2.525621193698587952e+00 1.271703712218049276e+02 2.525015958951568162e+00 3.518582028134273200e+16 3.518582028134273200e+16
1.278888297628707278e+02 2.621539102229650364e+00 1.278870118352586331e+02 2.622205086353621706e+00 3.518582029392842400e+16 3.518582029392842800e+16
1.276670824560868738e+02 2.764083062501220933e+00 1.276644405288493971e+02 2.764654538794260485e+00 3.518582632952902400e+16 3.518582632952902400e+16
1.273487769849984943e+02 1.884618913310664556e+00 1.273464062811867592e+02 1.885554721455609428e+00 3.518580820593887600e+16 3.518580820593890000e+16
1.269980072747591038e+02 3.715223195916976806e+00 1.269997660242387951e+02 3.716174149040397001e+00 3.518585045935933200e+16 3.518585045935933200e+16
1.236724915950579344e+02 1.628424690653926143e+00 1.236739372398323127e+02 1.629738009391380693e+00 3.518580210322654800e+16 3.518580210322655200e+16
1.230577905049721608e+02 2.633807602104264234e+00 1.230576493352835143e+02 2.634880722320313229e+00 3.518582625402904400e+16 3.518582625402904800e+16
1.232476912855855460e+02 3.055274929343046342e+00 1.232494579201902951e+02 3.056823229970074163e+00 3.518583229383016000e+16 3.518583229383016000e+16
1.232494579201902951e+02 3.056823229970074163e+00 1.232510185054215128e+02 3.058203173751701698e+00 3.518583229383016000e+16 3.518583229802406400e+16
1.231539336040410291e+02 9.816400190735837805e-01 1.231556043359780261e+02 9.810931783513030524e-01 3.518578397544715600e+16 3.518578397544715600e+16
1.230254587863258848e+02 3.717147325965900695e+00 1.230244405840986701e+02 3.717397276104374537e+00 3.518585039225076000e+16 3.518585039225076400e+16
1.232510185054215128e+02 3.058203173751701698e+00 1.232524825880090447e+02 3.059513584585978663e+00 3.518583229802406400e+16 3.518583229802406400e+16
1.233676447608739863e+02 1.609197734319582906e+00 1.233670049161681703e+02 1.609166809348923310e+00 3.518579605923982400e+16 3.518579605923982400e+16
1.280083310599732442e+02 8.559335016460345447e-01 1.280064084407272560e+02 8.554510693051556869e-01 3.518577801953825600e+16 3.518577801953825600e+16
1.280713183836068367e+02 4.067756772770623641e+00 1.280708257541013211e+02 4.068107053437988618e+00 3.518585650754826000e+16 3.518585650754826400e+16
1.289446397299741420e+02 1.075274968152581057e+00 1.289464494647701542e+02 1.073336707851939131e+00 3.518578407191764400e+16 3.518578407191764400e+16
1.286049688294670830e+02 2.071891675964926627e+00 1.286072733815882714e+02 2.071467793578258387e+00 3.518580822691484000e+16 3.518580822691485200e+16
1.287460350772350921e+02 2.174131581223403220e+00 1.287450879756673316e+02 2.174921208893428659e+00 3.518581426670908000e+16 3.518581426670908800e+16
1.249416423321718952e+02 4.462472232456635268e+00 1.249430456224182961e+02 4.463267454266982348e+00 3.518586851583791200e+16 3.518586851583791200e+16
1.245456028043133330e+02 3.980107555734870850e-01 1.245448864486162535e+02 4.004222500087555869e-01 3.518577192101526400e+16 3.518577192101526400e+16
1.245456028043133330e+02 3.980107555734870850e-01 1.245464922485900559e+02 3.959580684471168954e-01 3.518577192101526400e+16 3.518577192101527200e+16
1.249752383313287112e+02 2.789008887236378076e+00 1.249772482460304701e+02 2.787533485612291972e+00 3.518582628339268000e+16 3.518582628339272800e+16
1.249894129404368499e+02 2.825917223996218475e+00 1.249869052308468582e+02 2.826813933961485059e+00 3.518582628339378400e+16 3.518582628339378800e+16
1.243551935822812453e+02 1.906827661769451510e+00 1.243540216852113787e+02 1.905174733256172370e+00 3.518580815560780000e+16 3.518580815560780000e+16
1.241584139526804194e+02 1.186150164551960318e+00 1.241558808250050987e+02 1.186656315884036417e+00 3.518579003202090000e+16 3.518579003202091200e+16
1.296873032139394581e+02 3.772538820568896334e+00 1.296853983296626325e+02 3.773401507364733565e+00 3.518585050549749200e+16 3.518585050549750400e+16
1.299382128958132228e+02 8.833102101975403020e-01 1.299369472968728587e+02 8.849801937885638514e-01 3.518578408869096000e+16 3.518578408869096000e+16
1.292722351145529842e+02 3.765436082797608552e-01 1.292740648548262641e+02 3.775698822215843853e-01 3.518577200070663200e+16 3.518577200070663600e+16
1.296126036012393570e+02 1.211744079589724299e+00 1.296109635048837276e+02 1.210266736036581525e+00 3.518579012429593200e+16 3.518579012429593600e+16
1.297564306617070145e+02 2.569577099802090522e-02 1.297578128260932715e+02 2.543687914699866229e-02 3.518575992950275200e+16 3.518575992950275600e+16
1.293813171805408331e+02 2.841470079703691365e+00 1.293801077817119847e+02 2.842709327935005525e+00 3.518582635889131200e+16 3.518582635889131200e+16
1.202566142658816233e+02 3.092875167624637989e-01 1.202583391392414569e+02 3.091244869760887415e-01 3.518576580991754400e+16 3.518576580991754400e+16
1.205067270932451038e+02 1.175013741490551045e+00 1.205067461896441614e+02 1.174453242794189389e+00 3.518578997330021200e+16 3.518578997330021200e+16
1.203235172282643362e+02 2.380397999095900552e+00 1.203215629778959084e+02 2.381583567062603546e+00 3.518582016809392800e+16 3.518582016809395600e+16
1.202828920390857803e+02 2.621538631220313942e+00 1.202819940287158857e+02 2.622014064553962687e+00 3.518582016809901600e+16 3.518582016809901600e+16
1.257899451115529388e+02 -6.651735438035626835e+00 1.257875528674425993e+02 -6.651998885422132801e+00 3.518559706048640400e+16 3.518559706048640800e+16
1.257931504512876728e+02 -6.910651458119001944e+00 1.257937610617266415e+02 -6.912737491273516888e+00 3.518559105843668000e+16 3.518559105843668800e+16
1.250932178709757352e+02 -5.720466232656943539e+00 1.250927581729928306e+02 -5.718560559963267842e+00 3.518562108545768800e+16 3.518562108545769200e+16
1.260898164483557480e+02 -5.227117097548882541e+00 1.260887490251444092e+02 -5.226047982128170233e+00 3.518563313149955200e+16 3.518563313149955200e+16
1.263417984778386653e+02 -6.181258483904944256e+00 1.263416253426640026e+02 -6.182680745705435577e+00 3.518560908136138000e+16 3.518560908136138400e+16
1.265345799357414478e+02 -6.192427962756681836e+00 1.265332149285819270e+02 -6.193560251839395292e+00 3.518560908555564000e+16 3.518560908555564400e+16
1.265309373892115872e+02 -6.764436360147348282e+00 1.265300048955025574e+02 -6.762694199788211513e+00 3.518559707306648400e+16 3.518559707306670400e+16
1.260792887628296910e+02 -5.642497060002464870e+00 1.260811937211726104e+02 -5.641853725176607881e+00 3.518562110223766400e+16 3.518562110223766400e+16
1.260256844917877856e+02 -5.639541115067441268e+00 1.260265187251261665e+02 -5.638989288917652942e+00 3.518562110223770800e+16 3.518562110223771200e+16
1.266868570254243167e+02 -6.091678223210486465e+00 1.266879531722448604e+02 -6.092530861947510701e+00 3.518561509598915600e+16 3.518561509598916000e+16
1.269273626269093143e+02 -6.716522993198808855e+00 1.269251367766331811e+02 -6.717024589897818032e+00 3.518559707726216000e+16 3.518559707726216000e+16
1.272198912455733790e+02 -5.240173201913337131e+00 1.272202085806908656e+02 -5.238870542273673436e+00 3.518563315247037600e+16 3.518563315247037600e+16
1.274023596464815995e+02 -6.371013745304450637e+00 1.274001720693564010e+02 -6.372561387058100379e+00 3.518560909813364800e+16 3.518560909813365200e+16
1.274246649764127142e+02 -6.271368113351483586e+00 1.274257578907934061e+02 -6.272271141497728131e+00 3.518560909813420000e+16 3.518560909813462000e+16
1.273764698247585585e+02 -6.346024661132813272e+00 1.273756696075676587e+02 -6.347095604708072436e+00 3.518560909813426000e+16 3.518560909813463200e+16
1.273725501116024361e+02 -6.337977616362875821e+00 1.273722318300507084e+02 -6.340073183841357540e+00 3.518560909813510000e+16 3.518560909813510000e+16
1.273477139721916842e+02 -6.305089762304037393e+00 1.273481926218669287e+02 -6.306742656175056361e+00 3.518560909813560400e+16 3.518560909813560800e+16
1.273426482004389442e+02 -6.272918011223024948e+00 1.273416043202381474e+02 -6.273243985467426675e+00 3.518560909813616000e+16 3.518560909813616800e+16
1.274282894237150714e+02 -6.267375140510968556e+00 1.274274554328599010e+02 -6.265614989878899088e+00 3.518560909813636800e+16 3.518560909813636800e+16
1.274374412922899609e+02 -6.229710468847992288e+00 1.274395899673707646e+02 -6.229661439366996234e+00 3.518560909813720000e+16 3.518560909813720000e+16
1.273719495949170977e+02 -6.220288426695252504e+00 1.273699403196610547e+02 -6.221905112868674870e+00 3.518560909813734400e+16 3.518560909813734800e+16
1.274675705704846109e+02 -6.308618169449998092e+00 1.274685816502526734e+02 -6.309058701125734636e+00 3.518560910232823200e+16 3.518560910232824400e+16
1.274741128174701146e+02 -6.351554094543447881e+00 1.274748576450845974e+02 -6.349369090402198879e+00 3.518560910232861200e+16 3.518560910232865200e+16
1.274231712400731595e+02 -6.418583442406514905e+00 1.274217701383912953e+02 -6.419273288370307640e+00 3.518560309189523200e+16 3.518560309189523200e+16
1.273912966842700598e+02 -6.394033317012544515e+00 1.273889681118880759e+02 -6.393849694450270071e+00 3.518560309189588800e+16 3.518560309189589200e+16
1.273761057041292588e+02 -6.380612081162915672e+00 1.273758376058655699e+02 -6.379845535071082097e+00 3.518560309189622400e+16 3.518560309189622400e+16
1.273894058245629566e+02 -6.376342070463854483e+00 1.273873303157064640e+02 -6.376129678136766010e+00 3.518560309189636800e+16 3.518560309189636800e+16
1.285901138031802873e+02 -5.040435584652894541e+00 1.285896939321373225e+02 -5.038921614875026656e+00 3.518563919646100400e+16 3.518563919646100400e+16
1.285795742834521320e+02 -5.163568994963445569e+00 1.285801274120276219e+02 -5.162285203626601593e+00 3.518563317344278400e+16 3.518563317344278400e+16
1.280559583443241820e+02 -5.818081567604419746e+00 1.280582544190022531e+02 -5.818176821554088107e+00 3.518562113578736800e+16 3.518562113578736800e+16
1.281316239501746566e+02 -5.675930625906636884e+00 1.281307413309273215e+02 -5.676379737308546503e+00 3.518562113579083600e+16 3.518562113579083600e+16
1.286211554265547647e+02 -5.084695673409612482e+00 1.286206704752082715e+02 -5.086479312492550697e+00 3.518563920065421600e+16 3.518563920065422000e+16
1.331987055965408899e+02 -7.520080281337253592e-01 1.331968422705617456e+02 -7.514521802503687509e-01 3.518574186463517600e+16 3.518574186463517600e+16
1.341638940501228205e+02 -5.311354511401360501e-01 1.341620317014376838e+02 -5.323230574824884265e-01 3.518574792120928000e+16 3.518574792120928000e+16
1.305057187855873622e+02 -3.606080931440304393e+00 1.305068306711341108e+02 -3.606661195094854389e+00 3.518567539749733600e+16 3.518567539749734000e+16
1.300019561028291264e+02 -1.443388852949734069e+00 1.299992277324957399e+02 -1.443335565441687729e+00 3.518572369491234400e+16 3.518572369071786800e+16
1.305060485597630020e+02 -3.362650292506819572e+00 1.305045934724039682e+02 -3.364166376962295590e+00 3.518568142890634400e+16 3.518568142890634400e+16
1.303893575119126353e+02 -2.913508634223093807e+00 1.303882779425441640e+02 -2.912426381205266424e+00 3.518568746032023200e+16 3.518568746032023600e+16
1.302429638450321931e+02 -3.998861137266639609e+00 1.302437394147959822e+02 -3.999235854393913936e+00 3.518566333048692400e+16 3.518566333048696800e+16
1.317933471904223666e+02 -2.173525844520197980e-01 1.317934980801973950e+02 -2.175754662424251029e-01 3.518575392326003200e+16 3.518575392326003200e+16
1.313735659772457041e+02 -1.800288654212461870e+00 1.313741666056455983e+02 -1.798540244587489179e+00 3.518571767608266400e+16 3.518571767608266400e+16
1.320303983290070846e+02 -2.426702874113448871e+00 1.320317138044943306e+02 -2.424890279940453475e+00 3.518569956927509600e+16 3.518569956927509600e+16
1.322029222242387050e+02 -1.435769005409653631e-01 1.322032734813144828e+02 -1.453850630783490860e-01 3.518575392745581600e+16 3.518575392745581600e+16
1.323665081144120279e+02 -1.237942446379422856e+00 1.323642247407546790e+02 -1.237722405264646275e+00 3.518572977245666000e+16 3.518572977245666000e+16
1.321551100068865026e+02 -2.254211963110158035e+00 1.321570957830405746e+02 -2.253036633705180591e+00 3.518570560907126400e+16 3.518570560907128400e+16
1.325747420382468533e+02 -5.033793633931559208e-01 1.325766785691588723e+02 -5.028239795383770971e-01 3.518574789604426800e+16 3.518574789604426800e+16
1.259825284902046434e+02 -5.828398594533115151e-01 1.259846309951028331e+02 -5.841570696982454347e-01 3.518574778279627600e+16 3.518574778279628800e+16
1.257552179646183959e+02 -2.216972713488705171e+00 1.257577071109218991e+02 -2.217753498796870115e+00 3.518570550421463200e+16 3.518570550421464000e+16
1.251501462462305199e+02 -4.366332563970762415e+00 1.251509101661653460e+02 -4.366134608943148088e+00 3.518565721099490400e+16 3.518565721099490800e+16
1.257139052226859803e+02 -5.699691737188850027e-01 1.257126644786767571e+02 -5.703190321067209689e-01 3.518574777860224000e+16 3.518574777860224000e+16
1.257115287983226182e+02 -2.201723350257367429e+00 1.257138793313627616e+02 -2.200381415035050914e+00 3.518570550002027200e+16 3.518570550002028800e+16
1.253351100792085475e+02 -3.795838856941014861e+00 1.253362086049140345e+02 -3.796394742642912323e+00 3.518566927800939600e+16 3.518566927800939600e+16
1.254184499998651177e+02 -5.912357253635258658e-01 1.254180471738357312e+02 -5.921496073193072140e-01 3.518574777440772000e+16 3.518574777440772000e+16
1.257001195609038149e+02 -1.426515071729206774e+00 1.257007132815022317e+02 -1.427150504762768168e+00 3.518572361941454400e+16 3.518572361941454400e+16
1.215769072224137801e+02 -1.155625139954487235e+00 1.215759888856782567e+02 -1.156066279689679233e+00 3.518572959210372400e+16 3.518572959210372800e+16
1.217384289793497345e+02 -1.985261864430371448e+00 1.217367897830984873e+02 -1.985209516654353967e+00 3.518571147270756000e+16 3.518571147270756000e+16
1.213209439312525006e+02 -1.570069785755615177e+00 1.213204194779782483e+02 -1.567851722470557929e+00 3.518572354810785600e+16 3.518572354810789200e+16
1.213289651204754733e+02 -5.743340843637945170e-01 1.213291881604789069e+02 -5.746158655323719833e-01 3.518574770729788400e+16 3.518574770729832400e+16
1.263016659139526467e+02 -4.053869395034268130e+00 1.262996266539717993e+02 -4.054169779379982685e+00 3.518566326337712000e+16 3.518566326337712000e+16
1.259277277822849754e+02 -3.452254866123135812e+00 1.259299053181942583e+02 -3.452194839215354083e+00 3.518567532200319600e+16 3.518567532200319600e+16
1.264393021144992986e+02 -4.872219789191229111e+00 1.264390848650915729e+02 -4.869511975235329970e+00 3.518564518592538800e+16 3.518564518592544000e+16
1.264383385875932788e+02 -4.869080794382089294e+00 1.264390848650915729e+02 -4.869511975235329970e+00 3.518564518592544000e+16 3.518564518592544000e+16
1.264595514869333783e+02 -1.936839012614184785e+00 1.264597163113789691e+02 -1.935910692972334646e+00 3.518571155240144000e+16 3.518571155240144000e+16
1.266270438289901392e+02 -5.764333389636348004e-01 1.266273579992899982e+02 -5.747801249959451075e-01 3.518574779537948000e+16 3.518574779537948000e+16
1.265613969207766871e+02 -4.965275776201933944e+00 1.265629295523402789e+02 -4.964269403872797248e+00 3.518563916290884800e+16 3.518563916290886400e+16
1.265563777016794802e+02 -4.962603447129989576e+00 1.265551356951822015e+02 -4.961142682391685099e+00 3.518563916290890400e+16 3.518563916290890400e+16
1.267783793122598439e+02 -2.611494001325772807e+00 1.267760519022871506e+02 -2.610805243809436238e+00 3.518569948119074800e+16 3.518569948119074800e+16
1.266022141441450231e+02 -1.320878287873483714e+00 1.266008312141629801e+02 -1.319812054816550395e+00 3.518572967598629600e+16 3.518572967598629600e+16
1.262089961194664767e+02 -1.726768366912050823e+00 1.262077615943852891e+02 -1.728789606256485367e+00 3.518571758800388400e+16 3.518571758800388800e+16
1.263072640564035822e+02 -2.853469219789941391e+00 1.263054207195494456e+02 -2.854528435268862907e+00 3.518569343300447600e+16 3.518569343300448800e+16
1.266137065047090573e+02 -3.307078416671648480e+00 1.266159814633987821e+02 -3.306596616202902794e+00 3.518568136179840400e+16 3.518568136179842400e+16
1.226942918741086288e+02 -5.036414791055864315e-01 1.226932016180249434e+02 -5.037865030619158579e-01 3.518574772827294800e+16 3.518574772827295200e+16
1.227893925937348740e+02 -1.694018628057863296e+00 1.227896663537265312e+02 -1.693496346068636971e+00 3.518571753347962400e+16 3.518571753347962400e+16
1.279834685233765015e+02 -2.747178576708778852e+00 1.279839853881031786e+02 -2.745226811049619631e+00 3.518569345817246400e+16 3.518569345817246400e+16
1.276178823431525586e+02 -2.349914856026435128e+00 1.276176107885720938e+02 -2.351116435460386622e+00 3.518570553357173600e+16 3.518570553357174000e+16
1.278731740023783203e+02 -1.751395537501915012e+00 1.278706088518063240e+02 -1.751692011293489948e+00 3.518571761736402400e+16 3.518571761736403200e+16
1.273059346064512880e+02 -3.659721192156497604e+00 1.273062507011848368e+02 -3.662244941320702996e+00 3.518566931156686400e+16 3.518566931156687200e+16
1.277115332248172592e+02 -1.435538679288684616e+00 1.277104307921687223e+02 -1.433672339488580194e+00 3.518572365296879600e+16 3.518572365296880000e+16
1.280548353629465907e+02 -4.917165518724732287e+00 1.280536148464614996e+02 -4.916213871121587253e+00 3.518563918807540000e+16 3.518563918807540400e+16
1.235625500373398324e+02 -2.320364435309136386e+00 1.235629916476809598e+02 -2.317741389504484051e+00 3.518570546646358000e+16 3.518570546646362400e+16
1.234369479386234900e+02 -2.312123593353673012e+00 1.234385186155789285e+02 -2.311231526343616949e+00 3.518570546226892000e+16 3.518570546226895200e+16
1.230226974028672799e+02 -2.946148389140097468e-01 1.230219959706007842e+02 -2.951807280137365708e-01 3.518575377645820400e+16 3.518575377645820800e+16
1.233637854170640082e+02 -1.449841798633532353e+00 1.233622204248770089e+02 -1.447809101184390990e+00 3.518572358166593600e+16 3.518572358166594400e+16
1.235480648183002756e+02 -3.255525778902134348e+00 1.235474257112174428e+02 -3.257247659736513867e+00 3.518568131146684000e+16 3.518568131146684000e+16
1.238466953497548104e+02 -3.298009520864521704e+00 1.238476476341232058e+02 -3.295615393750517708e+00 3.518568131566148000e+16 3.518568131566152800e+16
1.289016016525193322e+02 -8.720317626519666909e-01 1.289025494981053441e+02 -8.717920122731953603e-01 3.518574179332920000e+16 3.518574179332920800e+16
1.285094351974835263e+02 -4.410408979898655879e+00 1.285089991360408135e+02 -4.412692449542282347e+00 3.518565124250467200e+16 3.518565124250467200e+16
1.245312034144678250e+02 -6.354790282751928698e-01 1.245322686725246513e+02 -6.349241744520280895e-01 3.518574172203150000e+16 3.518574172203150000e+16
1.239360448595001998e+02 -3.695604238681811982e+00 1.239342582454496977e+02 -3.694755082098022392e+00 3.518566925703921600e+16 3.518566925703924800e+16
1.248724797445102723e+02 -4.074415512017289132e+00 1.248724661736719526e+02 -4.075626635519477681e+00 3.518566323821095200e+16 3.518566323821095600e+16
1.240068118489153761e+02 -4.352174609797932470e-01 1.240080649059622004e+02 -4.338385958971477940e-01 3.518574775343984000e+16 3.518574775343984400e+16
1.241504704998189794e+02 -3.596953868006872668e+00 1.241506128305961312e+02 -3.598751014358334110e+00 3.518567528844536800e+16 3.518567528844537600e+16
1.290189070267338991e+02 -1.043831098115455713e+00 1.290182189597416311e+02 -1.043317233470439254e+00 3.518573575772725200e+16 3.518573575772725600e+16
1.295571928211007275e+02 -1.329579971189750243e+00 1.295574715396909085e+02 -1.330581923930944210e+00 3.518572972631748800e+16 3.518572972631748800e+16
1.292606256479237743e+02 -1.160201451830020769e+00 1.292599478372627289e+02 -1.161311280614411690e+00 3.518572972212673200e+16 3.518572972212673200e+16
1.295308790589378134e+02 -3.052102591731173931e+00 1.295299407113456027e+02 -3.052097281012079666e+00 3.518568744773382400e+16 3.518568744773382400e+16
1.297339010003755391e+02 -2.103966267346452312e+00 1.297345353595296444e+02 -2.104938310544326452e+00 3.518571160692383200e+16 3.518571160692383200e+16
1.290567750882516975e+02 -2.401114264394450970e+00 1.290558030952708748e+02 -2.400049067029033534e+00 3.518569951894442400e+16 3.518569951894443200e+16
1.299206966424511620e+02 -3.847575022943763745e+00 1.299198139009011754e+02 -3.846939599373716767e+00 3.518566935350542000e+16 3.518566935350542400e+16
1.195097777072180776e+02 1.237843214007921855e+00 1.195108910634038892e+02 1.239703680404945274e+00 3.518578995652393600e+16 3.518578995652408000e+16
1.193809143243239674e+02 2.536622121691401333e+00 1.193819816907998188e+02 2.536274530916703185e+00 3.518582015131903600e+16 3.518582015131904000e+16
1.195292348520714825e+02 4.468680160594671769e+00 1.195311899281000478e+02 4.470539613541527402e+00 3.518586842356350400e+16 3.518586842356356000e+16
1.196219289850290721e+02 1.538287763426493093e+00 1.196233850694128336e+02 1.538713589516098379e+00 3.518579599632248800e+16 3.518579599632248800e+16
1.192156311113242140e+02 3.372233456456438905e+00 1.192133464406203274e+02 3.372662394129514851e+00 3.518583826652097600e+16 3.518583826652098000e+16
1.187596194927621553e+02 3.140501571953805193e+00 1.187578764831115308e+02 3.142463046608830801e+00 3.518583825812718400e+16 3.518583825812722400e+16
1.188949263651928447e+02 2.705293559963275918e+00 1.188965532216108443e+02 2.705212942057960479e+00 3.518582618272708800e+16 3.518582618272709200e+16
1.189795719602202553e+02 2.762553063232920270e+00 1.189801169737475846e+02 2.762647817399347172e+00 3.518582618272804400e+16 3.518582618272804800e+16
1.193651313308654665e+02 1.306034178946184099e+01 1.193648720104192478e+02 1.306215458602559920e+01 3.518607142368448800e+16 3.518607142368448800e+16
1.191202381408594562e+02 1.357186679487103476e+01 1.191207200126079897e+02 1.357258601446921986e+01 3.518608319290148800e+16 3.518608319290148800e+16
1.192983758426042726e+02 1.181041700170026765e+01 1.192977584920715657e+02 1.181002469265504651e+01 3.518604188739556400e+16 3.518604188739556400e+16
1.142227518634898900e+02 1.282338539524526766e+01 1.142201194184978874e+02 1.282366168294243636e+01 3.518606544680199200e+16 3.518606544680206400e+16
1.142412894669346031e+02 1.285057229469652817e+01 1.142402584341388376e+02 1.285278239808567058e+01 3.518606544680293200e+16 3.518606544680296000e+16
1.142378164085250489e+02 1.285230356500273530e+01 1.142402584341388376e+02 1.285278239808567058e+01 3.518606544680295200e+16 3.518606544680296000e+16
1.153656322845770461e+02 1.479618540321602715e+01 1.153639132788168240e+02 1.479698873762836264e+01 3.518611245656059200e+16 3.518611245656059600e+16
1.158808057625174541e+02 1.333939661411453415e+01 1.158799765054577477e+02 1.333937012069070427e+01 3.518607725376879200e+16 3.518607725376879600e+16
1.151997527689282919e+02 1.358043903300576005e+01 1.151980415032434593e+02 1.358042879980543916e+01 3.518608312998743600e+16 3.518608312998743600e+16
1.149289415262946363e+02 1.202294444095574022e+01 1.149269398715126158e+02 1.202353108705411699e+01 3.518604773844903200e+16 3.518604773844903200e+16
1.164234524371201758e+02 1.292337833211617593e+01 1.164240877799222744e+02 1.292403238443440472e+01 3.518607137754424000e+16 3.518607137754424000e+16
1.164234524371201758e+02 1.292337833211617593e+01 1.164234972544912949e+02 1.292236966408678889e+01 3.518607137754424000e+16 3.518607137754424000e+16
1.164240877799222744e+02 1.292403238443440472e+01 1.164234972544912949e+02 1.292236966408678889e+01 3.518607137754424000e+16 3.518607137754424000e+16
1.160788360434933537e+02 1.100515603770445239e+01 1.160809651572457994e+02 1.100538535633543091e+01 3.518602404901824000e+16 3.518602404901824400e+16
1.166479956529579169e+02 1.373987269871690842e+01 1.166483209313890228e+02 1.374047139246539651e+01 3.518608903137174400e+16 3.518608903137174800e+16
1.161382885121176827e+02 1.288388230013414670e+01 1.161380191079963140e+02 1.288585801318193447e+01 3.518607136915506400e+16 3.518607136915506400e+16
1.160803457754992820e+02 1.474347057621181278e+01 1.160793003069337459e+02 1.474569080744950256e+01 3.518611246914238800e+16 3.518611246914239200e+16
1.162912334158408925e+02 1.486061334580409543e+01 1.162936181232305728e+02 1.485961001496358769e+01 3.518611247333962000e+16 3.518611247333964000e+16
1.168183221335730622e+02 1.460773815346874471e+01 1.168176541560665100e+02 1.460732158378971590e+01 3.518610662647928800e+16 3.518610662647929200e+16
1.164083186835941461e+02 1.006585985431729213e+01 1.164099867090398419e+02 1.006663942071207707e+01 3.518600027151273600e+16 3.518600027151274000e+16
1.164267346248996517e+02 1.447635173210792026e+01 1.164265065362038456e+02 1.447506433663101610e+01 3.518610662228194400e+16 3.518610662228194400e+16
1.161751543396946289e+02 1.398366709275326869e+01 1.161756809261837162e+02 1.398421598155237433e+01 3.518609489500832000e+16 3.518609489500832000e+16
1.161751543396946289e+02 1.398366709275326869e+01 1.161739664300209256e+02 1.398579558876796014e+01 3.518609489500832000e+16 3.518609489500836800e+16
1.161756809261837162e+02 1.398421598155237433e+01 1.161739664300209256e+02 1.398579558876796014e+01 3.518609489500832000e+16 3.518609489500836800e+16
1.162024117215462837e+02 1.402822217797575099e+01 1.162039898311598449e+02 1.402941649144397651e+01 3.518609489500933200e+16 3.518609489500935600e+16
1.162039898311598449e+02 1.402941649144397651e+01 1.162039349054873441e+02 1.403210157995699348e+01 3.518609489500935600e+16 3.518609489500955200e+16
1.162139379709615099e+02 1.409302337353338785e+01 1.162150610808043609e+02 1.409420719119533771e+01 3.518609489501076800e+16 3.518609489501077200e+16
1.166998545731777597e+02 1.401189405787969910e+01 1.166998256024443492e+02 1.401457169747300924e+01 3.518609490339760000e+16 3.518609490339768800e+16
1.168347970699673368e+02 1.406180233444244010e+01 1.168327187285710664e+02 1.406149093025016938e+01 3.518609490339884800e+16 3.518609490339884800e+16
1.162867238273178003e+02 1.377515121963501166e+01 1.162842131507998573e+02 1.377391286161664219e+01 3.518608902717804800e+16 3.518608902717805200e+16
1.161370805597955638e+02 1.139910909222138891e+01 1.161389857780391850e+02 1.140051422553323768e+01 3.518603591470337200e+16 3.518603591470337600e+16
1.176829672834053326e+02 1.401239993808065343e+01 1.176815859624290113e+02 1.401160986046337698e+01 3.518609492017520800e+16 3.518609491598049200e+16
1.170864967588336327e+02 1.393732787932457029e+01 1.170866597175343600e+02 1.393962306232495330e+01 3.518609490759024800e+16 3.518609490759025600e+16
1.171756459884322226e+02 1.168371221104801805e+01 1.171735386583141008e+02 1.168327606915470973e+01 3.518604185383923600e+16 3.518604185383925200e+16
1.171310392106385336e+02 1.298101501452840445e+01 1.171283352005147975e+02 1.298087380843576177e+01 3.518607138593429600e+16 3.518607138593431600e+16
1.177615826806212027e+02 1.305945019667048612e+01 1.177619113674279134e+02 1.306112750457716132e+01 3.518607139851907200e+16 3.518607139851907200e+16
1.174181584934193125e+02 1.448476946954005129e+01 1.174187021307930650e+02 1.448535943588635000e+01 3.518610663905923200e+16 3.518610663905923200e+16
1.175516708069415728e+02 1.405629258948710536e+01 1.175515643078704926e+02 1.405857600190269352e+01 3.518609491598158400e+16 3.518609491598158800e+16
1.185478956680910869e+02 1.048476318296772725e+01 1.185477615252578545e+02 1.048507341071332810e+01 3.518601220430515200e+16 3.518601220430515600e+16
1.183391744429167574e+02 1.014729416810619966e+01 1.183382963107906818e+02 1.014510784309308633e+01 3.518600625677982400e+16 3.518600625677982400e+16
1.189880478772269612e+02 1.171767992249454693e+01 1.189896356594299363e+02 1.171703906495911163e+01 3.518604188319952400e+16 3.518604188319952800e+16
1.211745980335778086e+02 1.011106644282791045e+01 1.211733576204607914e+02 1.011049055091998738e+01 3.518600034701036400e+16 3.518600034701036800e+16
1.209894650436496448e+02 1.137341038085107492e+01 1.209882032368812190e+02 1.137521301574586197e+01 3.518603006784890800e+16 3.518603599439464800e+16
1.226266849513657320e+02 1.019299658819114107e+01 1.226284065551386533e+02 1.019491727896206612e+01 3.518600632808413200e+16 3.518600632808413600e+16
1.230728297779616582e+02 1.007013293733403358e+01 1.230739313949183185e+02 1.007056201525912442e+01 3.518600038056362000e+16 3.518600038056362000e+16
1.204342045915931436e+02 1.215606680638883041e+01 1.204369432149734109e+02 1.215553349640089209e+01 3.518605374049538800e+16 3.518605374049543200e+16
1.209598267745291764e+02 1.148899188976901442e+01 1.209594416191979178e+02 1.148721420863801157e+01 3.518603599439737200e+16 3.518603599439737600e+16
1.203682279047246055e+02 1.124689032708908520e+01 1.203697077747778934e+02 1.124754423052646501e+01 3.518603005526314000e+16 3.518603005526314000e+16
1.204779343287620605e+02 1.165181208983898564e+01 1.204756383381186140e+02 1.165319312025901155e+01 3.518604190836396000e+16 3.518604190836404000e+16
1.204838496197298241e+02 1.108535392151038046e+01 1.204845815615065305e+02 1.108612912572484532e+01 3.518602412032438000e+16 3.518602412032438400e+16
1.198951260746828922e+02 -2.281836964015762290e-02 1.198929527253093426e+02 -2.120725677676344248e-02 3.518575976172930800e+16 3.518575976172942400e+16
1.191272425708982894e+02 -7.577083337454422196e-01 1.191275304841471723e+02 -7.558519450676878249e-01 3.518574162975342800e+16 3.518574162975342800e+16
1.192690995417771092e+02 -7.592901112423942056e-01 1.192677568773583516e+02 -7.595831035339878357e-01 3.518574163394790400e+16 3.518574163394791600e+16
1.194210981023577034e+02 -7.261835620053671558e-01 1.194198526326194809e+02 -7.266697256910252811e-01 3.518574163394873200e+16 3.518574163394873600e+16
1.194417893348556419e+02 -7.155972114363700065e-01 1.194403989149051881e+02 -7.137340529111666498e-01 3.518574163394889200e+16 3.518574163394905600e+16
1.194502027923564782e+02 -7.038126406135901680e-01 1.194485341381344483e+02 -7.026458726999373905e-01 3.518574163394928800e+16 3.518574163394929200e+16
1.194115451513974051e+02 -6.886843300915355126e-01 1.194140657376224652e+02 -6.881042244019436316e-01 3.518574163394964400e+16 3.518574163394964800e+16
1.194424652623977323e+02 -6.768823388646179051e-01 1.194439773769591682e+02 -6.769317140978768910e-01 3.518574163395020800e+16 3.518574163395021200e+16
1.194424652623977323e+02 -6.768823388646179051e-01 1.194447282460633630e+02 -6.767392190936704077e-01 3.518574163395020800e+16 3.518574163395021200e+16
1.194439773769591682e+02 -6.769317140978768910e-01 1.194447282460633630e+02 -6.767392190936704077e-01 3.518574163395021200e+16 3.518574163395021200e+16
1.194201171905045555e+02 -6.679969258944273847e-01 1.194184792500286818e+02 -6.658105376385843321e-01 3.518574163395041200e+16 3.518574163395043200e+16
1.194396664092070210e+02 -6.663102627490568031e-01 1.194387372951866411e+02 -6.654193014178043653e-01 3.518574163395042000e+16 3.518574163395042000e+16
1.335990586821801571e+02 5.709295706718828800e-01 1.335993223915092756e+02 5.722351354962122993e-01 3.518577207201406000e+16 3.518577207201406400e+16
1.307163133538354884e+02 5.717449500463366308e-01 1.307157567027045388e+02 5.729382940483054298e-01 3.518577202168244800e+16 3.518577202168245200e+16
1.301553603610315406e+02 5.682627087512625436e-02 1.301545201012311850e+02 5.717808855021581926e-02 3.518575993369760800e+16 3.518575993369761200e+16
1.303648427897161639e+02 9.833077619908675571e-01 1.303641009093168748e+02 9.813783873970295391e-01 3.518578409708155200e+16 3.518578409708155200e+16
1.308869009099434777e+02 2.863555603759730062e+00 1.308884508282232275e+02 2.865696512434042997e+00 3.518582638405704000e+16 3.518582638405708400e+16
1.303542176985809817e+02 2.161958494145076681e+00 1.303535715509064801e+02 2.159919347389235522e+00 3.518581429606887600e+16 3.518581429606887600e+16
1.303948240413570829e+02 2.197304302634952133e+00 1.303925648361102105e+02 2.198767654564287355e+00 3.518581429606963200e+16 3.518581429606968000e+16
1.304050880383798869e+02 2.200990399708393941e+00 1.304076236302812219e+02 2.200181240556441153e+00 3.518581429606970000e+16 3.518581429606970400e+16
1.304512326820297972e+02 2.220598120601191994e+00 1.304511051443012661e+02 2.219321781725023257e+00 3.518581429607011600e+16 3.518581429607011600e+16
1.316307546535747690e+02 1.657773737458887009e+00 1.316328695592744964e+02 1.657570828260153339e+00 3.518580223744413200e+16 3.518580223744480000e+16
1.316030430697048814e+02 1.692149682772309038e+00 1.316041716103298995e+02 1.690173761691447840e+00 3.518580223744607200e+16 3.518580223744608000e+16
1.315938075136818668e+02 1.580415180964436228e+00 1.315926992054428979e+02 1.582352434654864526e+00 3.518579619765162800e+16 3.518579619765163600e+16
1.312802017112117028e+02 4.721523833634373446e-01 1.312787379809118988e+02 4.711566554683058183e-01 3.518577203426320800e+16 3.518577203426320800e+16
1.312569381462462843e+02 2.482846864562525013e+00 1.312589273016084803e+02 2.481921683806227019e+00 3.518582035264540800e+16 3.518582035264540800e+16
1.198371933464835308e+02 6.901368865294771560e+00 1.198360949010317569e+02 6.902062634468229874e+00 3.518592857826980000e+16 3.518592857826980000e+16
1.198371933464835308e+02 6.901368865294771560e+00 1.198389507756085663e+02 6.902631716799382922e+00 3.518592857826980000e+16 3.518592857826980400e+16
1.194539665347714106e+02 7.909996507486469319e+00 1.194556838576393289e+02 7.911838032487107597e+00 3.518595254871748400e+16 3.518595254871748400e+16
1.194836938805630666e+02 8.591514291902866418e+00 1.194825426281409051e+02 8.593922036257387376e+00 3.518596451926596000e+16 3.518596451926605200e+16
1.195179526623542756e+02 8.322464376301905276e+00 1.195184835106166190e+02 8.320274323116187531e+00 3.518595853818729600e+16 3.518595853818730400e+16
1.193884431785104141e+02 5.530329918438985359e+00 1.193888361022135598e+02 5.528364289396651365e+00 3.518589251145342400e+16 3.518589251145342400e+16
1.190019394655808611e+02 5.497750820498636948e+00 1.190005953942820156e+02 5.499789286744362293e+00 3.518589250725832000e+16 3.518589250725832400e+16
1.191312479689630806e+02 5.887678378848442584e+00 1.191314094763692566e+02 5.887959563297696874e+00 3.518590453651898000e+16 3.518590453651898000e+16
1.194171912237327149e+02 5.859348457625957352e+00 1.194161899181280262e+02 5.860911431748657918e+00 3.518589852608747200e+16 3.518589852608762400e+16
1.194161899181280262e+02 5.860911431748657918e+00 1.194159639694559729e+02 5.862108148411735442e+00 3.518589852608762400e+16 3.518589852608762400e+16
1.192751742871013363e+02 9.673666008987236609e+00 1.192749705272405265e+02 9.676057775031138064e+00 3.518599436173427600e+16 3.518599436173427600e+16
1.192756846042988741e+02 9.691749128740859476e+00 1.192753785459598532e+02 9.692944554878891950e+00 3.518599436173473600e+16 3.518599436173473600e+16
1.192489116007060090e+02 9.701258551627223170e+00 1.192470705645950062e+02 9.700219900115838456e+00 3.518599436173490000e+16 3.518599436173490000e+16
1.197785229876927247e+02 6.879034910529812308e+00 1.197793529624401572e+02 6.880737476723120416e+00 3.518592857407508800e+16 3.518592857407508800e+16
1.196298565292243836e+02 7.068087528431842514e+00 1.196299142120897017e+02 7.067151141487347132e+00 3.518592857407931600e+16 3.518592857407938400e+16
1.156550354135955416e+02 9.720798173445231782e+00 1.156560202533380846e+02 9.722310533870018645e+00 3.518599430301510400e+16 3.518599430301510800e+16
1.161807204118313308e+02 9.758874860597485323e+00 1.161824232509190864e+02 9.760281982460059069e+00 3.518599431140525200e+16 3.518599431140525200e+16
1.165560877979524435e+02 9.339243847298366319e+00 1.165544812201124643e+02 9.339372779144893499e+00 3.518598239119544800e+16 3.518598239119545200e+16
1.167397045502172830e+02 9.744762169232977556e+00 1.167403015811615603e+02 9.744373213525312494e+00 3.518599431979379200e+16 3.518599431979379600e+16
1.173263794804912550e+02 8.706243557889202123e+00 1.173275572418467760e+02 8.706730442466101394e+00 3.518597046259114800e+16 3.518597046259115200e+16
1.172864656309808851e+02 9.748968811448992966e+00 1.172843526193891392e+02 9.748676890110655080e+00 3.518599432818233200e+16 3.518599432818233600e+16
1.183008954504517760e+02 7.823065493626047306e+00 1.182992053384007960e+02 7.822591386090717691e+00 3.518594654247711200e+16 3.518594654247711200e+16
1.184878752344010877e+02 5.668078951577649960e+00 1.184886912340787575e+02 5.668607495162222953e+00 3.518589850930484800e+16 3.518589850930485200e+16
1.183154244051495425e+02 9.150886522384114485e+00 1.183150534091053174e+02 9.148576020265547726e+00 3.518598242055024800e+16 3.518598242055025200e+16
1.183134416708974612e+02 5.310673243750608563e+00 1.183142357493439221e+02 5.312346105116957595e+00 3.518588647165361600e+16 3.518588647165362400e+16
1.180656566168872672e+02 8.434118970550340322e+00 1.180681870856920597e+02 8.433161643039781552e+00 3.518596449409572000e+16 3.518596449409572800e+16
1.188397084005156898e+02 9.607574592670633962e+00 1.188407745596212663e+02 9.608180668093872612e+00 3.518598839324463200e+16 3.518598839324463600e+16
1.184229748197528949e+02 8.741188343753862000e+00 1.184231218179747742e+02 8.743131422732027147e+00 3.518597047936876400e+16 3.518597047936876400e+16
1.254665892097012545e+02 7.650836449781949433e+00 1.254677342746831954e+02 7.651289856258895128e+00 3.518594665991442400e+16 3.518594665991442400e+16
1.260194083936509628e+02 5.124872890707457884e+00 1.260202975508492500e+02 5.123107311880665371e+00 3.518588057865928800e+16 3.518588057865929600e+16
1.253824265928543724e+02 5.021720137483920432e+00 1.253838353751547032e+02 5.020724387003718370e+00 3.518588057026858000e+16 3.518588057026858000e+16
1.253535840989186738e+02 5.026699319477719641e+00 1.253525368964549074e+02 5.024377024808589276e+00 3.518588057026859600e+16 3.518588057026860000e+16
1.254117867086024063e+02 5.048205462894741480e+00 1.254122958675488348e+02 5.047313746365571063e+00 3.518588057026901200e+16 3.518588057026901200e+16
1.251438945539226637e+02 8.126223626005364409e+00 1.251461893312705911e+02 8.126823132207816158e+00 3.518595863045746400e+16 3.518595863045746800e+16
1.250671309948320697e+02 8.204430656494363205e+00 1.250668516221741555e+02 8.204987629343118982e+00 3.518595863045940800e+16 3.518595863045940800e+16
1.254301929076459459e+02 7.595869695511210828e+00 1.254306930453439293e+02 7.596082782817220824e+00 3.518594066625865600e+16 3.518594066625865600e+16
1.257974134726038358e+02 6.553726499235391856e+00 1.257985784782309651e+02 6.552214139421819183e+00 3.518591666644959200e+16 3.518591666644959200e+16
1.251604926342314030e+02 5.044575299977241301e+00 1.251605619226936312e+02 5.046279193079858061e+00 3.518588056607478400e+16 3.518588056607478400e+16
1.259370904952031509e+02 7.657776076283128397e+00 1.259376447774427135e+02 7.656925209881620731e+00 3.518594666830321600e+16 3.518594666830321600e+16
1.219056820810774724e+02 6.363172149082634732e+00 1.219046698198584124e+02 6.364637369835430825e+00 3.518591059309940400e+16 3.518591059309940400e+16
1.215818366380411106e+02 5.514504862472543678e+00 1.215811729455699179e+02 5.516881297494587777e+00 3.518589254920085600e+16 3.518589254920173600e+16
1.218629713731383646e+02 7.419628461911597306e+00 1.218634560866024543e+02 7.420500324551418281e+00 3.518594060753406800e+16 3.518594060753407200e+16
1.219816446047326934e+02 9.574107976697773026e+00 1.219819272500880061e+02 9.575012794508417358e+00 3.518598844357457600e+16 3.518598844357457600e+16
1.214230588712899959e+02 6.679052322581132017e+00 1.214234121280278060e+02 6.681199361743911602e+00 3.518592259719291200e+16 3.518592259719291200e+16
1.214230588712899959e+02 6.679052322581132017e+00 1.214221206576038270e+02 6.677946065571969569e+00 3.518592259719291200e+16 3.518592259719291600e+16
1.212413207375543038e+02 6.749341359746857449e+00 1.212402125991216764e+02 6.749230867299996994e+00 3.518592259719456000e+16 3.518592259719456000e+16
1.214988728200010826e+02 5.231184919524224597e+00 1.214964043803588822e+02 5.231519788472703603e+00 3.518588652617969600e+16 3.518588652617979200e+16
1.209353112682758677e+02 6.569287602532632775e+00 1.209363692064908093e+02 6.568839077149497108e+00 3.518591658675828800e+16 3.518591658675828800e+16
1.218886994728293729e+02 5.442539592977337470e+00 1.218885992894407622e+02 5.445125821165371249e+00 3.518589255339367200e+16 3.518589255339376400e+16
1.212347077802887867e+02 5.448061213061285990e+00 1.212335820087150893e+02 5.448313400736401135e+00 3.518589254081106800e+16 3.518589254081107600e+16
1.211604714977049895e+02 5.691581220109401151e+00 1.211593139147480400e+02 5.692430746803846198e+00 3.518589855544295200e+16 3.518589855544295200e+16
1.215647347606125948e+02 5.691091326786321680e+00 1.215629872291617488e+02 5.689993733752897853e+00 3.518589856383112400e+16 3.518589856383112800e+16
1.211066952590609986e+02 6.857194808547713016e+00 1.211046602500892817e+02 6.855636563214907220e+00 3.518592259300325200e+16 3.518592259300325600e+16
1.270252404358759151e+02 5.092074261031552140e+00 1.270263349568423905e+02 5.094513758929554825e+00 3.518588059543567200e+16 3.518588059543567600e+16
1.263968918893563824e+02 5.835820726566589123e+00 1.263973125209091961e+02 5.834345090783155996e+00 3.518589864352608000e+16 3.518589864352608400e+16
1.262186908491701871e+02 6.993618542511992331e+00 1.262194532008365968e+02 6.996159791875901313e+00 3.518592868312996800e+16 3.518592868312997200e+16
1.269231318072854435e+02 6.460076709191143962e+00 1.269229964107662738e+02 6.458632115131878848e+00 3.518591668322481200e+16 3.518591668322481200e+16
1.225910526149424413e+02 7.633417024410560359e+00 1.225903921877252714e+02 7.635365733815441480e+00 3.518594661377664800e+16 3.518594661377670400e+16
1.231018607704405383e+02 8.860782487981920141e+00 1.231044260247424802e+02 8.859769042556445484e+00 3.518597055486848000e+16 3.518597055486848000e+16
1.226640638782811124e+02 9.746354357782506028e+00 1.226639636301645453e+02 9.744630999268938609e+00 3.518599441626168000e+16 3.518599441626168000e+16
1.225119349595013034e+02 5.022981046638678393e+00 1.225095298878709116e+02 5.023402741150909456e+00 3.518588051993816800e+16 3.518588051993817600e+16
1.221717287852082023e+02 9.546925717886423968e+00 1.221723959958821979e+02 9.549465372201527913e+00 3.518598844776810400e+16 3.518598844776817600e+16
1.230862313507103778e+02 7.586482902411131768e+00 1.230881385868047602e+02 7.587872566162817023e+00 3.518594062431496800e+16 3.518594062431496800e+16
1.235872117097558771e+02 8.561506901121523683e+00 1.235889263087661902e+02 8.561118393330692911e+00 3.518596458637313200e+16 3.518596458637313600e+16
1.234100145535424957e+02 5.533237137578193021e+00 1.234100299303788120e+02 5.535244739822772431e+00 3.518589257856151600e+16 3.518589257856152000e+16
1.229839045196568463e+02 8.432805399524520240e+00 1.229850599105675286e+02 8.432997895297118518e+00 3.518596457798170400e+16 3.518596457798170400e+16
1.231052333627059028e+02 5.879597488923050008e+00 1.231058916747609828e+02 5.881478902829625710e+00 3.518590460362771200e+16 3.518590460362771600e+16
1.232066467251556219e+02 8.059547468247638236e+00 1.232083056434655788e+02 8.059309359872417033e+00 3.518595261163556800e+16 3.518595261163556800e+16
1.233196957125284570e+02 9.333106149503869631e+00 1.233192084911415947e+02 9.331968578232324063e+00 3.518598250444119200e+16 3.518598250444119200e+16
1.237868801483352286e+02 6.710694033365425248e+00 1.237862635521039607e+02 6.711072975682231601e+00 3.518592263913628800e+16 3.518592263913629600e+16
1.239847257275037151e+02 7.520188038439723499e+00 1.239837532657064827e+02 7.520128348540311869e+00 3.518594064109062800e+16 3.518594064109063200e+16
1.239847257275037151e+02 7.520188038439723499e+00 1.239822622308279847e+02 7.520106262398781993e+00 3.518594064109062800e+16 3.518594064109063200e+16
1.239837532657064827e+02 7.520128348540311869e+00 1.239822622308279847e+02 7.520106262398781993e+00 3.518594064109063200e+16 3.518594064109063200e+16
1.236476813472859817e+02 6.814658836328929326e+00 1.236493092182387556e+02 6.816622920229916005e+00 3.518592263494501600e+16 3.518592263494501600e+16
1.246266957590950000e+02 6.027061879712985792e+00 1.246269578940417802e+02 6.027245267907373361e+00 3.518590462879672800e+16 3.518590462879672800e+16
1.240421872258748976e+02 8.577895623199996322e+00 1.240415560054360071e+02 8.576593008323902367e+00 3.518596459476229600e+16 3.518596459476229600e+16
1.249782151457168453e+02 5.924066237365916088e+00 1.249772108826381043e+02 5.925941778022549400e+00 3.518590463298854400e+16 3.518590463298854800e+16
1.205385212347865007e+02 6.241077414188673345e+00 1.205384184003543169e+02 6.238853532073670216e+00 3.518591057212510800e+16 3.518591057212511200e+16
1.203710152656384054e+02 6.814497172222282018e+00 1.203703032740886556e+02 6.814267872254887948e+00 3.518592258041893600e+16 3.518592258041893600e+16
1.209654323133946860e+02 9.560930497487319712e+00 1.209656039644273591e+02 9.560336633188851962e+00 3.518598842679744800e+16 3.518598842679744800e+16
1.142308983364372494e+02 1.754551733466721686e+01 1.142297172659328197e+02 1.754462949750913126e+01 3.518617635258749600e+16 3.518617635258750000e+16
1.142352005261315355e+02 1.658206655020558884e+01 1.142371998964120934e+02 1.658087496265069660e+01 3.518615321680792800e+16 3.518615321680792800e+16
1.139986323532924928e+02 1.807340169592304235e+01 1.140011573949377635e+02 1.807464119394105850e+01 3.518618787853562400e+16 3.518618787853564000e+16
1.145283205455009892e+02 1.727858860288466047e+01 1.145300192454625687e+02 1.727848484798328244e+01 3.518617058122512000e+16 3.518617058122512000e+16
1.117856397848103427e+02 1.878301558827570616e+01 1.117841043033472914e+02 1.878450578907376922e+01 3.518620507518130400e+16 3.518620507518142800e+16
1.118143164356358454e+02 1.799098865954525550e+01 1.118130460936677508e+02 1.798950777967004200e+01 3.518618784497914800e+16 3.518618784497914800e+16
1.163276845820635259e+02 1.576314505572484137e+01 1.163299045964861165e+02 1.576156872791924712e+01 3.518613581883267600e+16 3.518613581883268000e+16
1.126347063377919540e+02 1.547068414268143854e+01 1.126365722735983326e+02 1.547063736832107139e+01 3.518612993002800800e+16 3.518612993002800800e+16
1.129361091192010775e+02 1.526921917224014891e+01 1.129370756448728770e+02 1.526972247381107017e+01 3.518612409994716800e+16 3.518612409994716800e+16
1.126990412481343640e+02 1.656894475305869463e+01 1.126992232733667123e+02 1.656737518481980942e+01 3.518615319164014400e+16 3.518615319164014400e+16
1.134122531200426494e+02 1.830409764514420345e+01 1.134124118167474080e+02 1.830217383314762358e+01 3.518619362053878000e+16 3.518619362053878000e+16
1.140331230656103685e+02 1.583157335713612035e+01 1.140332829533238339e+02 1.582922294102516858e+01 3.518613578108507600e+16 3.518613578108516800e+16
1.135404320859133236e+02 1.722137542373480557e+01 1.135426237677250896e+02 1.722143644489414882e+01 3.518617056444657600e+16 3.518617056444658000e+16
1.131285532483615128e+02 1.726086968840210289e+01 1.131274435716463387e+02 1.725992349473386511e+01 3.518617056025266400e+16 3.518617056025266400e+16
1.139499153691365905e+02 1.682254480874283331e+01 1.139496359396461145e+02 1.682317568553404641e+01 3.518615900494798400e+16 3.518615900494798800e+16
