3.086792552053158545e+01 2.932918977916624925e+01 3.086914158454072421e+01 2.932776006689578807e+01 3.518643578287232000e+16 3.518643578287232000e+16
3.054656851389174932e+01 2.968938472590991751e+01 3.054677903517377047e+01 2.968807958201992747e+01 3.518644632315603600e+16 3.518644632315603600e+16
3.063205999398842749e+01 2.845499022136026568e+01 3.063131033277827342e+01 2.845760762240576014e+01 3.518641986968110400e+16 3.518641986968112800e+16
3.054430528056735028e+01 2.860704251608298776e+01 3.054306792374494606e+01 2.860791909582565751e+01 3.518641986968398400e+16 3.518641986968398400e+16
2.017974206841218532e+01 2.690581426687571565e+01 2.018045017832743682e+01 2.690358033398985782e+01 3.518638756095636000e+16 3.518638756095636000e+16
2.073417373712117495e+01 2.827541669109626099e+01 2.073378630222528329e+01 2.827801099819951958e+01 3.518641440031014400e+16 3.518641440031014400e+16
2.058798586950696929e+01 2.924206830680569169e+01 2.058788300563563567e+01 2.924271094290305939e+01 3.518643563187638400e+16 3.518643563187638400e+16
2.026218555524549814e+01 2.976184029196206637e+01 2.026150807126071030e+01 2.976252699764320298e+01 3.518644617216246800e+16 3.518644617216246800e+16
2.037379841131998148e+01 2.758403537418964291e+01 2.037165175155949726e+01 2.758300400825528342e+01 3.518639833193191600e+16 3.518639833193192000e+16
2.044590166806277765e+01 2.600956400289548398e+01 2.044584113273639758e+01 2.600744201399231414e+01 3.518636588060130000e+16 3.518636588060130000e+16
2.161872644799930043e+01 2.551337711797043539e+01 2.162151904650080070e+01 2.551236949509124941e+01 3.518635498799345200e+16 3.518635498799345600e+16
2.124264630682806043e+01 2.575252253534752001e+01 2.124191249000381276e+01 2.575478946473616659e+01 3.518636044058825600e+16 3.518636044058828000e+16
2.681408948038247075e+01 2.718509420998973880e+01 2.681469270088918933e+01 2.718317579818724994e+01 3.518639305130094400e+16 3.518639305130094800e+16
2.671729528447258417e+01 2.877339405527387939e+01 2.671776825714556836e+01 2.877174165001647665e+01 3.518642512933958400e+16 3.518642512933958400e+16
2.636768318578523917e+01 2.887214683688626593e+01 2.636819194376898068e+01 2.887133210785010107e+01 3.518642512514752400e+16 3.518642512514752400e+16
2.654647424676896605e+01 2.750780928765879452e+01 2.654603493000121617e+01 2.750609314108980996e+01 3.518639842420564000e+16 3.518639842420564000e+16
2.638360926029485043e+01 2.996624158822627493e+01 2.638128796686673994e+01 2.996689980370736350e+01 3.518645151151088800e+16 3.518645151151088800e+16
2.608180423925903213e+01 2.580018436057803655e+01 2.608372724120036068e+01 2.580224946182763190e+01 3.518636051608661600e+16 3.518636051608664400e+16
2.669779507842523358e+01 2.568898629543231849e+01 2.669680605698965437e+01 2.569111339886022449e+01 3.518636052447333600e+16 3.518636052447336400e+16
2.220905221181379829e+01 2.716561368348894945e+01 2.220982381803539596e+01 2.716605716365504719e+01 3.518639298419180000e+16 3.518639298419180400e+16
2.281410365773895776e+01 2.518461679446544110e+01 2.281339714786351180e+01 2.518425774132541761e+01 3.518634953539680000e+16 3.518634953539680000e+16
2.762777332082554693e+01 2.698134321874058372e+01 2.762685432509984196e+01 2.698101439443230731e+01 3.518638767000962000e+16 3.518638767000962400e+16
2.800393953526410229e+01 2.929771568100618850e+01 2.800637630993846727e+01 2.929659722671938837e+01 3.518643574092950400e+16 3.518643574092950800e+16
2.746182875432278081e+01 2.952985485072843019e+01 2.746342454545135681e+01 2.953087409531360663e+01 3.518644100897481200e+16 3.518644100897481200e+16
2.773490198718216959e+01 2.852089552352042645e+01 2.773391310911757657e+01 2.852291915496669716e+01 3.518641982773916000e+16 3.518641982773916400e+16
2.801080793763834009e+01 2.744056830355339471e+01 2.801275317782948804e+01 2.744255322983931222e+01 3.518639844517611200e+16 3.518639844517611200e+16
2.345681098477584214e+01 2.804224078554207367e+01 2.345402310377464872e+01 2.804227803993748935e+01 3.518640909871019200e+16 3.518640909871019200e+16
2.325908648604766071e+01 2.660392252582598971e+01 2.325828528406315598e+01 2.660324331999685654e+01 3.518637678579238000e+16 3.518637678579238000e+16
2.385277030142628618e+01 2.746379772561548904e+01 2.385184820928765248e+01 2.746196201482439747e+01 3.518639838226159200e+16 3.518639838226159600e+16
2.309601488772702638e+01 2.990834636408648350e+01 2.309427542622825058e+01 2.990786074257040639e+01 3.518645146537228400e+16 3.518645146537228800e+16
2.375148766358624286e+01 2.587677687976576379e+01 2.375009791464049513e+01 2.587619370582672573e+01 3.518636593093021600e+16 3.518636593093022000e+16
2.365513856462812825e+01 2.951293285832289115e+01 2.365629351734875030e+01 2.951289236962329099e+01 3.518644095444868400e+16 3.518644095444868400e+16
2.323241752431447793e+01 2.857940309352442654e+01 2.323143552807579582e+01 2.857757213804375951e+01 3.518641976063108800e+16 3.518641976063108800e+16
2.323241752431447793e+01 2.857940309352442654e+01 2.323539109753736653e+01 2.857949727598980516e+01 3.518641976063108800e+16 3.518641976063112800e+16
2.308767306876368153e+01 2.748026788795036524e+01 2.308633733668937538e+01 2.748248808911769459e+01 3.518639837387346800e+16 3.518639837387350800e+16
2.812620003155258530e+01 2.875263435563763181e+01 2.812708186799957488e+01 2.875206046170542962e+01 3.518642515031107200e+16 3.518642515031107200e+16
2.832505992917194249e+01 2.705451143564171090e+01 2.832443972774889573e+01 2.705272816715057616e+01 3.518638768259392800e+16 3.518638768259393200e+16
2.816687884018035604e+01 2.850299678434027584e+01 2.816917624299615497e+01 2.850425667686295128e+01 3.518641983612755200e+16 3.518641983612755200e+16
2.815286603566663004e+01 2.643429528370247894e+01 2.815161200604514846e+01 2.643381610630607526e+01 3.518637686128738800e+16 3.518637686128738800e+16
2.828058643459382182e+01 2.886497258514875242e+01 2.827822481000885801e+01 2.886492188032271144e+01 3.518642515450658000e+16 3.518642515450658400e+16
2.874518132385286862e+01 2.635177246799508310e+01 2.874475338322893236e+01 2.635418904684537722e+01 3.518637144224944400e+16 3.518637144224944400e+16
2.810369804322079545e+01 2.799598588829803347e+01 2.810345662870351546e+01 2.799404079020152025e+01 3.518640916581772400e+16 3.518640916581772800e+16
2.467806701784048684e+01 2.776702959382787839e+01 2.467880973676629353e+01 2.776770147901312669e+01 3.518640376355474000e+16 3.518640376355474400e+16
2.469092789836484059e+01 2.597616079169425873e+01 2.469320757941187594e+01 2.597783813236695494e+01 3.518636594351451600e+16 3.518636594351455600e+16
2.476051249316225267e+01 2.645163003736404050e+01 2.476002480403919037e+01 2.645099468816458455e+01 3.518637680676116400e+16 3.518637680676116800e+16
2.968056456487719075e+01 2.672325449590200819e+01 2.968075485576529360e+01 2.672147096388687615e+01 3.518638230130072000e+16 3.518638230130072000e+16
2.896190262934807791e+01 2.830346954388696545e+01 2.895911266244392479e+01 2.830270151599869877e+01 3.518641452194484800e+16 3.518641452194485200e+16
2.923322152116678296e+01 2.693358873265408704e+01 2.923494868746376341e+01 2.693377832252737747e+01 3.518638769517482000e+16 3.518638769517482400e+16
2.944287779697641128e+01 2.643299029947909773e+01 2.944333562680967020e+01 2.643558907383518886e+01 3.518637687806472000e+16 3.518637687806478000e+16
2.901612758755232591e+01 2.946444836402587697e+01 2.901370761963003631e+01 2.946548164975085271e+01 3.518644103413912400e+16 3.518644103413915200e+16
2.521588421327231799e+01 2.588127583392074627e+01 2.521782525364409011e+01 2.588284932949328621e+01 3.518636595190179200e+16 3.518636595190183200e+16
2.555799320431393440e+01 2.810651969355054192e+01 2.555899690714797146e+01 2.810781732102515562e+01 3.518640912807070400e+16 3.518640912807070400e+16
2.554202548954702223e+01 2.928992966206392623e+01 2.554470634318671074e+01 2.929067363239436617e+01 3.518643570737524800e+16 3.518643570737526400e+16
2.563902454315399382e+01 2.760749449551534696e+01 2.564059021724746401e+01 2.760927595449020089e+01 3.518639841162451200e+16 3.518639841162459200e+16
2.040273853839113016e+01 3.009905535007924016e+01 2.040231059658141177e+01 3.009748274360789821e+01 3.518645142343268800e+16 3.518645142343268800e+16
2.086250285290980244e+01 3.224141987823521305e+01 2.086337004055430455e+01 3.224155254164482187e+01 3.518649811442308800e+16 3.518649811442308800e+16
2.061896907654368150e+01 3.119623133627375111e+01 2.062023335212298747e+01 3.119634005839293778e+01 3.518647749522344000e+16 3.518647749522344000e+16
2.008053546307893100e+01 3.046569145745238316e+01 2.008302617523243327e+01 3.046613285125262394e+01 3.518646188821908000e+16 3.518646188821908000e+16
2.061918229950935810e+01 3.029319328753294727e+01 2.061670825836817400e+01 3.029299404429438880e+01 3.518645667050620000e+16 3.518645667050620000e+16
2.106246955873167437e+01 3.088756194433404190e+01 2.106343163840568167e+01 3.088631164108130989e+01 3.518647231945144800e+16 3.518647231945145600e+16
2.123945180525963750e+01 3.173944874149149697e+01 2.123848348620794724e+01 3.174140670221567362e+01 3.518648783837825200e+16 3.518648783837825600e+16
2.104146285857637722e+01 3.318117963748904486e+01 2.103883109893588710e+01 3.317998754319150834e+01 3.518651850712792800e+16 3.518651850712792800e+16
2.164350982184207695e+01 3.124621756799509953e+01 2.164305665672911516e+01 3.124703650078700434e+01 3.518647751200144800e+16 3.518647751200144800e+16
2.140931244923219623e+01 3.277630064596003479e+01 2.141229454214752437e+01 3.277710730121187055e+01 3.518650834852525600e+16 3.518650834852528800e+16
2.133184184113173743e+01 3.141225816638943513e+01 2.132932690057042535e+01 3.141351312109550165e+01 3.518648267938281600e+16 3.518648267938284000e+16
2.612424801630968219e+01 3.268084310126113934e+01 2.612527144689536485e+01 3.267916751655543095e+01 3.518650841563227200e+16 3.518650841563227200e+16
2.686716051428238572e+01 3.062287816770221838e+01 2.686569871837690471e+01 3.062087878228097537e+01 3.518646198469125200e+16 3.518646198469125600e+16
2.683504320623492845e+01 3.153258492519133327e+01 2.683443386041994216e+01 3.153274117245920038e+01 3.518648275907692000e+16 3.518648275907692000e+16
2.303380734605720193e+01 3.036837946049448789e+01 2.303494321544804535e+01 3.036606027477577641e+01 3.518645670406261600e+16 3.518645670406264800e+16
2.274233462700134467e+01 3.121613436365098337e+01 2.274456370956646722e+01 3.121620509509721586e+01 3.518647752458422800e+16 3.518647752458422800e+16
2.214949896136220886e+01 3.023901121117081914e+01 2.214649489518774317e+01 3.023842127716558537e+01 3.518645669147642400e+16 3.518645669147642400e+16
2.225786420978873537e+01 3.052408828355542880e+01 2.225529411090137444e+01 3.052415907482596680e+01 3.518646191758007200e+16 3.518646191758008000e+16
2.271382957078241205e+01 3.209878354496577657e+01 2.271592878527192028e+01 3.210062399893707408e+01 3.518649300995745200e+16 3.518649300995749200e+16
2.240404089108962538e+01 3.288432907834648233e+01 2.240494506853912071e+01 3.288328630442649114e+01 3.518651345299060800e+16 3.518651345299060800e+16
2.769255061715442423e+01 3.251429986714670406e+01 2.768972239416620695e+01 3.251504697920395870e+01 3.518650332794335200e+16 3.518650332794336000e+16
2.797363531530673342e+01 3.027863637148001885e+01 2.797541632357964758e+01 3.028066240151045818e+01 3.518645677536339200e+16 3.518645677536339600e+16
2.737841810700285805e+01 3.324075285705226435e+01 2.737970032106865048e+01 3.324307728430037656e+01 3.518651859520934800e+16 3.518651859520938000e+16
2.356955488357747086e+01 3.314886226377883816e+01 2.357064527187367631e+01 3.314849524872602160e+01 3.518651854068166000e+16 3.518651854068166000e+16
2.384625241303869814e+01 3.099817102548239944e+01 2.384722450458489718e+01 3.099912241661357371e+01 3.518647235720046400e+16 3.518647235720117600e+16
2.328768685436347496e+01 3.013812105330492841e+01 2.328943143710798580e+01 3.013976795031380718e+01 3.518645670825192000e+16 3.518645670825424800e+16
2.358856083973594764e+01 3.313083878862908449e+01 2.358952650971295029e+01 3.313232801391231419e+01 3.518651854487587200e+16 3.518651854487587600e+16
2.866114898702608116e+01 3.014270380766235391e+01 2.866063645139500693e+01 3.014317683460482300e+01 3.518645678794378400e+16 3.518645678794378400e+16
2.903890364424627890e+01 3.273162203027263217e+01 2.903840006849584299e+01 3.273272145362771113e+01 3.518650845338215600e+16 3.518650845338216000e+16
2.506104327658981745e+01 3.238179863897282473e+01 2.506291676946916880e+01 3.238275051244323777e+01 3.518650329019196000e+16 3.518650329019196000e+16
2.921928451928412684e+01 3.373597701983789676e+01 2.922071368736028063e+01 3.373773388555857622e+01 3.518652872864706800e+16 3.518652872864707200e+16
2.942276282325872216e+01 3.128461091766720870e+01 2.942444212358812905e+01 3.128305146911436907e+01 3.518647762105445600e+16 3.518647762105445600e+16
2.916838595257713251e+01 3.109191168821968176e+01 2.916910340732394857e+01 3.109084514184123549e+01 3.518647243689552000e+16 3.518647243689552000e+16
2.984141754925540369e+01 3.075561324282990228e+01 2.984004823281902929e+01 3.075519876320245061e+01 3.518646724434538000e+16 3.518646724434538400e+16
2.594169370089633730e+01 3.013155989842956117e+01 2.594131212576422740e+01 3.013388329304311597e+01 3.518645674600056800e+16 3.518645674600060000e+16
2.575836875186319830e+01 3.343843585902229165e+01 2.576125173903210808e+01 3.343765320025720911e+01 3.518652363256712400e+16 3.518652363256712400e+16
2.554810821574961821e+01 3.298003977035192236e+01 2.555086165399147546e+01 3.297978411226967665e+01 3.518651349493440800e+16 3.518651349493457200e+16
1.804895985408245096e+01 2.493785481214418809e+01 1.804998285043658868e+01 2.493640949377809335e+01 3.518634397794438800e+16 3.518634397794438800e+16
1.864996198225956903e+01 2.413234974520897680e+01 1.864712460478486733e+01 2.413177083348039531e+01 3.518632747335688000e+16 3.518632747335692000e+16
1.992819671064832221e+01 2.354229933439043165e+01 1.992707511060003611e+01 2.354383446672967395e+01 3.518631088488770800e+16 3.518631088488770800e+16
1.902816033975796728e+01 2.302530796552222725e+01 1.902922786997368121e+01 2.302512592286589310e+01 3.518629974062138000e+16 3.518629974062138000e+16
1.919194106440193792e+01 2.303124662195548567e+01 1.919346738874936875e+01 2.303002998279174918e+01 3.518629974062146400e+16 3.518629974062146400e+16
1.929481645931662115e+01 2.289368454728064961e+01 1.929465941486276392e+01 2.289097871935006623e+01 3.518629974481334000e+16 3.518629974481334800e+16
7.315323075873700454e+00 3.425848145263438482e+01 7.312794897757621371e+00 3.426019766976695280e+01 3.518653847201571600e+16 3.518653847201572000e+16
7.674754035555755749e+00 3.428485420010391493e+01 7.674432193279152159e+00 3.428281559225018782e+01 3.518653847620992000e+16 3.518653847620992000e+16
7.851833934688882799e+00 3.365160756740170456e+01 7.854369000669479739e+00 3.365127901000701627e+01 3.518652843085048400e+16 3.518652843085048800e+16
8.620733256256199795e+00 3.400455888235938318e+01 8.618998566660899030e+00 3.400600812121476935e+01 3.518653347240495200e+16 3.518653347240496400e+16
9.993673309986109032e+00 3.404095511700724330e+01 9.996265694247140843e+00 3.404231105704234750e+01 3.518653349337675600e+16 3.518653349337675600e+16
9.521025617284530895e+00 3.456591889576597509e+01 9.522738533980229292e+00 3.456508318570676153e+01 3.518654350937504800e+16 3.518654350937504800e+16
8.978078021433198330e+00 3.316588435433449433e+01 8.978600988169716857e+00 3.316529826912154277e+01 3.518651833935522400e+16 3.518651833935522400e+16
1.817347322066771298e+01 2.832861388628070998e+01 1.817620292154949269e+01 2.832809865390257542e+01 3.518641436256218400e+16 3.518641436256218800e+16
1.845890253930883773e+01 2.546472867055243583e+01 1.845803241372852810e+01 2.546270815778250451e+01 3.518635493766101200e+16 3.518635493766101200e+16
1.806945020805255453e+01 2.535711700915693001e+01 1.807111883068432689e+01 2.535620460953689559e+01 3.518634946409679200e+16 3.518634946409679200e+16
1.902755625292697061e+01 2.758479066648493117e+01 1.902670129960285195e+01 2.758504164722155494e+01 3.518639831096101600e+16 3.518639831096101600e+16
1.860313858220001038e+01 2.553502152895507038e+01 1.860175572194060933e+01 2.553301510476141800e+01 3.518635494185651200e+16 3.518635494185651200e+16
1.829006759605768195e+01 2.500724089493863289e+01 1.828719659252788432e+01 2.500688706862789346e+01 3.518634398214028400e+16 3.518634398214028800e+16
1.461206480993032919e+01 2.808890088927657658e+01 1.461053612557597070e+01 2.809064688866156700e+01 3.518640896449290400e+16 3.518640896449290800e+16
1.434643453625144716e+01 2.986534663073262053e+01 1.434864602683159873e+01 2.986557590706549803e+01 3.518644608408423200e+16 3.518644608408423600e+16
1.495461792037487392e+01 2.700867857719440224e+01 1.495629384186198862e+01 2.700674965665832161e+01 3.518638748126618000e+16 3.518638748126618400e+16
1.479616308639058175e+01 2.758749442179209055e+01 1.479741814751931983e+01 2.758969742554479510e+01 3.518639824804636000e+16 3.518639824804644800e+16
1.972026324355697824e+01 2.583245425565452891e+01 1.971919558772290415e+01 2.583379142017524188e+01 3.518636041961748800e+16 3.518636041961748800e+16
1.956327266183999924e+01 2.862634389137394564e+01 1.956123350996784538e+01 2.862607693770291206e+01 3.518642502447925600e+16 3.518642502447925600e+16
1.949231458769544645e+01 2.878804381214479591e+01 1.949059687968096100e+01 2.878837652016095205e+01 3.518642502448186400e+16 3.518642502448186400e+16
1.961968481830460220e+01 2.856565385892048425e+01 1.962115511326390305e+01 2.856767251438982314e+01 3.518641971029903600e+16 3.518641971029906400e+16
1.576909934068281771e+01 2.886721728812324628e+01 1.576823557848206470e+01 2.886588011397456199e+01 3.518642496995710800e+16 3.518642496995710800e+16
1.553209734024168576e+01 2.878601545080454827e+01 1.553001096655483337e+01 2.878588964682529294e+01 3.518642496576158800e+16 3.518642496576158800e+16
1.558771549209280494e+01 2.884529681117916766e+01 1.558782981756536046e+01 2.884361360861242574e+01 3.518642496576252400e+16 3.518642496576252800e+16
1.613391512957743501e+01 2.892437492215318784e+01 1.613435806749070522e+01 2.892561083657104959e+01 3.518643027574882400e+16 3.518643027574882400e+16
1.647414356452791395e+01 2.996289871035561703e+01 1.647210209953838600e+01 2.996451570196862590e+01 3.518645136890420000e+16 3.518645136890422800e+16
1.309077152589230941e+01 2.878424042148574813e+01 1.309309077690510215e+01 2.878588961418848413e+01 3.518642492801348000e+16 3.518642492801350000e+16
1.245812110878752677e+01 2.899610662402137962e+01 1.245951661362978058e+01 2.899846700056671622e+01 3.518643022122399600e+16 3.518643022122399600e+16
1.766505396211621814e+01 2.611324215708717844e+01 1.766681254406340784e+01 2.611312973130017667e+01 3.518636583865913200e+16 3.518636583865913600e+16
1.741398853931530510e+01 2.976864755733689094e+01 1.741309685616848313e+01 2.976885064592391927e+01 3.518644613021948000e+16 3.518644613021948000e+16
1.751376103608394885e+01 2.744812985659151749e+01 1.751480148484402832e+01 2.744828726929711493e+01 3.518639828998680000e+16 3.518639828998680400e+16
2.083168193582635297e+01 2.472567549261017916e+01 2.083338268075645416e+01 2.472615190560447829e+01 3.518633852534975200e+16 3.518633852534975600e+16
2.057071762243509028e+01 2.262153007785863679e+01 2.056971147710109804e+01 2.262143101329058581e+01 3.518628860055194400e+16 3.518628860055194400e+16
2.005155165180415366e+01 2.332946978274926764e+01 2.005432914315732873e+01 2.332920238694788750e+01 3.518630532324061200e+16 3.518630532324061600e+16
2.107734781042139005e+01 2.181905733017607574e+01 2.107473858185673166e+01 2.181818236468792804e+01 3.518627178139191200e+16 3.518627178139191200e+16
2.101565597634066052e+01 2.184653332129155956e+01 2.101670897182795628e+01 2.184820111003137910e+01 3.518627178139260800e+16 3.518627178139260800e+16
2.152638621322892476e+01 2.328831139216859825e+01 2.152831449491001692e+01 2.328795659610782920e+01 3.518630534840646400e+16 3.518630534840646400e+16
2.159850364297266623e+01 2.091907303994523204e+01 2.159884213693528565e+01 2.092122742787968903e+01 3.518625487834382800e+16 3.518625487834383200e+16
2.173175792313965360e+01 2.238018748032594374e+01 2.172988490219989544e+01 2.238207970722722351e+01 3.518628861732468800e+16 3.518628861732470400e+16
2.172938859786060206e+01 2.426743767521918116e+01 2.173155478486735959e+01 2.426724513128998950e+01 3.518632751949730400e+16 3.518632751949730800e+16
2.111740263341733481e+01 2.252197514410418933e+01 2.111530636988578280e+01 2.252301671532683613e+01 3.518628860893820000e+16 3.518628860893823200e+16
2.132443080332340912e+01 2.260354758974418132e+01 2.132402849155491609e+01 2.260105143615197676e+01 3.518628860893944800e+16 3.518628860893945600e+16
2.243781637267864681e+01 2.405532450075560646e+01 2.243897527627864363e+01 2.405482883020919616e+01 3.518632200398737200e+16 3.518632200398737200e+16
2.303356596529219047e+01 2.007051940261470335e+01 2.303558920040183722e+01 2.007010992483749234e+01 3.518623222071663200e+16 3.518623222071663200e+16
2.283468325631606533e+01 2.486267666322764924e+01 2.283444487971202363e+01 2.486404200301453926e+01 3.518633855890635200e+16 3.518633855890635200e+16
2.337944071755188702e+01 2.249078822136913658e+01 2.338219427723313970e+01 2.249176749788846763e+01 3.518628864249212800e+16 3.518628864249214000e+16
2.374589631368422360e+01 2.451321233709686354e+01 2.374523819657509449e+01 2.451405311844770196e+01 3.518633306856057600e+16 3.518633306856058000e+16
2.465401487978754957e+01 2.381010505173407310e+01 2.465500596616940854e+01 2.381012965992510999e+01 3.518631650106028800e+16 3.518631650106029600e+16
2.500509143415432334e+01 2.462651390792874651e+01 2.500585247515350318e+01 2.462876751725288926e+01 3.518633858826250400e+16 3.518633858826255200e+16
2.439845665381838913e+01 2.308519316709093516e+01 2.439911652150860277e+01 2.308694944645622016e+01 3.518629982450806400e+16 3.518629982450806800e+16
2.401195437170468949e+01 2.493599459366487991e+01 2.400974463587478880e+01 2.493772678844780089e+01 3.518634407021864800e+16 3.518634407021865200e+16
2.527675066887078259e+01 2.394668089722718562e+01 2.527567734460500759e+01 2.394742295184180492e+01 3.518632204592851600e+16 3.518632204592851600e+16
1.838076004039514544e+01 3.160840913445303357e+01 1.838025111954008040e+01 3.160694934018267688e+01 3.518648263744301200e+16 3.518648263744301600e+16
1.838013069529635146e+01 3.034368699378329026e+01 1.837980758418003546e+01 3.034142786202096786e+01 3.518645663695215600e+16 3.518645663695215600e+16
1.816776988023566730e+01 3.269487916612170864e+01 1.816884724790494232e+01 3.269268004482140100e+01 3.518650830238670400e+16 3.518650830238670400e+16
1.881943942473742126e+01 3.014444720356607377e+01 1.882035336604646503e+01 3.014270148123313575e+01 3.518645664533748800e+16 3.518645664533749200e+16
1.404882662326620135e+01 3.161075339928038730e+01 1.404711792058585473e+01 3.161224786299873202e+01 3.518648257872357600e+16 3.518648257452853600e+16
1.407526112148353725e+01 3.015513407235559384e+01 1.407569596841958948e+01 3.015344393925138178e+01 3.518645657403445600e+16 3.518645657403445600e+16
1.918898397726844607e+01 3.014315905941633034e+01 1.918852056138777940e+01 3.014396725848927261e+01 3.518645664953175600e+16 3.518645664953175600e+16
1.895758333831658859e+01 3.256367400551554425e+01 1.896041263250580755e+01 3.256252450671895105e+01 3.518650320630936400e+16 3.518650320630936800e+16
1.901329433593449281e+01 3.114176943612485360e+01 1.901454430637436488e+01 3.114173919398308499e+01 3.518647747425110400e+16 3.518647747425110800e+16
1.968908246988487321e+01 3.276404817652822032e+01 1.969039284934198619e+01 3.276559399663798189e+01 3.518650832335949600e+16 3.518650832335950000e+16
1.983225457845653850e+01 3.135804431006384263e+01 1.983416461890936588e+01 3.135856015154643472e+01 3.518647748264407200e+16 3.518647748264408000e+16
1.049871241915346864e+01 3.347907823417145323e+01 1.049762686922767863e+01 3.347940114150186020e+01 3.518652341865817200e+16 3.518652341865817600e+16
1.074602569469920077e+01 3.092032547409762344e+01 1.074779089916916419e+01 3.091946747004939766e+01 3.518647216845711600e+16 3.518647216845711600e+16
1.091648914401423198e+01 3.076356889975445696e+01 1.091592618966369876e+01 3.076145061552639604e+01 3.518646697171589600e+16 3.518646697171589600e+16
1.174013641655842299e+01 3.247147490342398157e+01 1.174023069183113854e+01 3.247285743854241957e+01 3.518650310145052800e+16 3.518650310145052800e+16
1.654334774505355909e+01 3.225032935138271739e+01 1.654102892466083219e+01 3.224916173768489358e+01 3.518649805570281600e+16 3.518649805570284400e+16
1.694200239962417243e+01 3.254745299538994630e+01 1.694183685329317157e+01 3.254813387708662020e+01 3.518650317694900800e+16 3.518650317694901600e+16
1.687286686313797546e+01 3.082690207613045175e+01 1.687092384024335701e+01 3.082627520088553297e+01 3.518646705979756400e+16 3.518646705979756400e+16
1.653621264830702842e+01 3.067784758289588254e+01 1.653668079321147744e+01 3.067642123159701129e+01 3.518646705140620400e+16 3.518646705140620400e+16
1.638014768119985476e+01 3.205792825743538543e+01 1.638099625969930173e+01 3.205556337248488319e+01 3.518649291768166000e+16 3.518649291768166000e+16
1.270886804643204115e+01 3.362971148774710883e+01 1.270875187123867178e+01 3.363234205881720840e+01 3.518652849795901600e+16 3.518652849795905200e+16
1.239192935586473965e+01 3.260015198277124426e+01 1.239038399485809272e+01 3.260059244595275629e+01 3.518650310984092800e+16 3.518650310984093200e+16
1.787477354490255266e+01 3.058866086653936023e+01 1.787518587536687065e+01 3.058632771991446475e+01 3.518646185466691200e+16 3.518646185466691200e+16
1.779790201159324425e+01 3.061791850506534374e+01 1.780049794887691306e+01 3.061934610039140026e+01 3.518646185466758800e+16 3.518646185466764000e+16
1.780388685145576844e+01 3.062014888455296457e+01 1.780662712008884085e+01 3.061928138743694916e+01 3.518646185466759600e+16 3.518646185466763600e+16
1.780662712008884085e+01 3.061928138743694916e+01 1.780796510474626615e+01 3.061979126247118899e+01 3.518646185466763600e+16 3.518646185466763600e+16
1.783223950869431462e+01 3.065387289789495640e+01 1.783075073190556381e+01 3.065489593190039486e+01 3.518646707237741600e+16 3.518646707237741600e+16
1.690789849158963065e+01 3.095438769609749485e+01 1.690593895325832108e+01 3.095432673875321683e+01 3.518647226073209600e+16 3.518647226073209600e+16
1.349897276461567586e+01 3.116943728107302647e+01 1.349784503939087266e+01 3.116735062279068558e+01 3.518647739455982800e+16 3.518647739455982800e+16
1.326887190804333727e+01 3.297667991560373935e+01 1.326702709344008824e+01 3.297528757786274412e+01 3.518651332296886000e+16 3.518651332296886000e+16
1.308445436304231180e+01 3.166761025339479474e+01 1.308156061121362157e+01 3.166876999535384485e+01 3.518648772093617600e+16 3.518648772093618400e+16
3.289854459152677890e+01 3.199867664306810511e+01 3.290110583595934912e+01 3.199975105988202273e+01 3.518649315256167200e+16 3.518649315256169600e+16
3.229233578861020959e+01 3.322365924081991295e+01 3.229159367487277166e+01 3.322235215593620694e+01 3.518651866651140800e+16 3.518651866651140800e+16
3.273853404354969854e+01 3.295549088488675693e+01 3.273911727737890942e+01 3.295435759381801688e+01 3.518651359979203200e+16 3.518651359979203200e+16
3.226840073080120419e+01 3.092407599763091497e+01 3.226925042250733355e+01 3.092222748611016669e+01 3.518647247883546800e+16 3.518647247883546800e+16
3.233059410177141757e+01 3.283038674358575548e+01 3.232984192424525105e+01 3.282778289992076992e+01 3.518650850371379600e+16 3.518650850371380000e+16
3.363046574786994825e+01 3.104055154372633751e+01 3.362984860173833823e+01 3.104243288077271856e+01 3.518647249980952400e+16 3.518647249980952800e+16
3.292974270946599091e+01 3.352792697954190260e+01 3.292984912627526484e+01 3.352976358672985668e+01 3.518652373323133200e+16 3.518652373323133200e+16
3.367134335609613771e+01 3.034520717840995374e+01 3.367130832202985857e+01 3.034584118065179936e+01 3.518645685925102000e+16 3.518645685925102000e+16
3.330702417566929086e+01 3.313951064475185859e+01 3.330681951536054441e+01 3.313984441756296206e+01 3.518651867909345200e+16 3.518651867909345200e+16
3.344896150790788880e+01 3.016763281129182062e+01 3.344966091573397904e+01 3.016971479297372838e+01 3.518645685505301200e+16 3.518645685505301600e+16
3.317583744025147041e+01 3.191146862275042295e+01 3.317794520030813032e+01 3.190947364530056873e+01 3.518649315675398800e+16 3.518649315675399200e+16
3.359199506614034902e+01 3.279039397957994595e+01 3.359154570096043102e+01 3.279081806065893545e+01 3.518650852048971600e+16 3.518650852048971600e+16
3.459264923837877603e+01 3.177814169199773886e+01 3.459373071593571325e+01 3.177965254945249285e+01 3.518648802712280400e+16 3.518648803131701600e+16
3.481640026656543796e+01 3.211151681667320901e+01 3.481818758017022475e+01 3.211223697942931210e+01 3.518649318192319600e+16 3.518649318192319600e+16
3.092980079072991728e+01 3.242457177169114146e+01 3.092771141537048507e+01 3.242629069084337345e+01 3.518650337407884400e+16 3.518650337407884800e+16
3.060317969661792503e+01 3.358078509839521075e+01 3.060473183108223694e+01 3.358164701045630096e+01 3.518652369967856000e+16 3.518652369967856000e+16
3.070652000495608291e+01 3.304075952471550437e+01 3.070544290709920432e+01 3.304300828572097970e+01 3.518651357043368800e+16 3.518651357043368800e+16
3.066048009769318838e+01 3.323436582818139584e+01 3.066006536586622033e+01 3.323573742487777594e+01 3.518651864134676800e+16 3.518651864134676800e+16
3.053177819283696337e+01 3.108718925567371372e+01 3.052987287986772102e+01 3.108867754598845323e+01 3.518647245367306400e+16 3.518647245367310000e+16
3.029099500499471276e+01 3.111384672277181096e+01 3.029124117509252656e+01 3.111555471194096611e+01 3.518647244947844400e+16 3.518647244947844800e+16
3.160840508801616977e+01 3.321239578574999030e+01 3.161051675268703320e+01 3.321405017061528753e+01 3.518651865392904800e+16 3.518651865392907600e+16
3.101084241325726509e+01 3.060221205907186715e+01 3.101093216508687078e+01 3.060345998174813786e+01 3.518646204760481600e+16 3.518646204760481600e+16
3.117878181683377647e+01 3.158460614103856656e+01 3.118002675329738693e+01 3.158637813449879772e+01 3.518648282199187600e+16 3.518648282199187600e+16
3.186843699851288392e+01 3.253500448430090586e+01 3.187088151993842189e+01 3.253549797065772964e+01 3.518650338666356400e+16 3.518650338666357600e+16
